1942	2058.0			
1943	2059.5			
1944	2057.1			
1945	2059.2			
1946	2062.0			
1947	2065.0			
1948	2070.2			
1949	2076.0			
1951	2082.4			
1952	2076.9			
1953	2074.2			
1954	2076.0			
1955	2075.1			
1956	2081.5			
1957	2076.9			
1958	2068.1			
1959	2073.2			
1960	2077.2			
1961	2076.9			
1962	2075.4			
1963	2074.8			
1964	2075.1			
1965	2076.3			
1966	2069.9			
1967	2070.2			
1968	2065.6			
1970	2070.2			
1971	2073.6			
1978	2085.3			
1979	2085.5			
1980	2078.7			
1981	2080.0			
1982	2083.0			
1983	2081.2			
1984	2090.1			
1985	2086.1			
1992	2070.1			
1993	2071.1			
1994	2069.0			
1995	2073.0			
1996	2075.0			
1997	2086.0			
2001	2076.8			
2002	2077.08
2003	2074.56
2004	2071.93
2005	2069.39
2006	2068.51
2007	2068.01
2008	2070.14
2009	2069.35
2010	2071.59
2011	2072.53
2012	2077.49			
