   1.9200200e+05
   1.9200300e+05
   1.9200400e+05
   1.9200500e+05
   1.9200600e+05
   1.9200700e+05
   1.9200800e+05
   1.9200900e+05
   1.9201000e+05
   1.9201100e+05
   1.9201200e+05
   1.9210100e+05
   1.9210200e+05
   1.9210300e+05
   1.9210400e+05
   1.9210500e+05
   1.9210600e+05
   1.9210700e+05
   1.9210800e+05
   1.9210900e+05
   1.9211000e+05
   1.9211100e+05
   1.9211200e+05
   1.9220100e+05
   1.9220200e+05
   1.9220300e+05
   1.9220400e+05
   1.9220500e+05
   1.9220600e+05
   1.9220700e+05
   1.9220800e+05
   1.9220900e+05
   1.9221000e+05
   1.9221100e+05
   1.9221200e+05
   1.9230100e+05
   1.9230200e+05
   1.9230300e+05
   1.9230400e+05
   1.9230500e+05
   1.9230600e+05
   1.9230700e+05
   1.9230800e+05
   1.9230900e+05
   1.9231000e+05
   1.9231100e+05
   1.9231200e+05
   1.9240100e+05
   1.9240200e+05
   1.9240300e+05
   1.9240400e+05
   1.9240500e+05
   1.9240600e+05
   1.9240700e+05
   1.9240800e+05
   1.9240900e+05
   1.9241000e+05
   1.9241100e+05
   1.9241200e+05
   1.9250100e+05
   1.9250200e+05
   1.9250300e+05
   1.9250400e+05
   1.9250500e+05
   1.9250600e+05
   1.9250700e+05
   1.9250800e+05
   1.9250900e+05
   1.9251000e+05
   1.9251100e+05
   1.9251200e+05
   1.9260100e+05
   1.9260200e+05
   1.9260300e+05
   1.9260400e+05
   1.9260500e+05
   1.9260600e+05
   1.9260700e+05
   1.9260800e+05
   1.9260900e+05
   1.9261000e+05
   1.9261100e+05
   1.9261200e+05
   1.9270100e+05
   1.9270200e+05
   1.9270300e+05
   1.9270400e+05
   1.9270500e+05
   1.9270600e+05
   1.9270700e+05
   1.9270800e+05
   1.9270900e+05
   1.9271000e+05
   1.9271100e+05
   1.9271200e+05
   1.9280100e+05
   1.9280200e+05
   1.9280300e+05
   1.9280400e+05
   1.9280500e+05
   1.9280600e+05
   1.9280700e+05
   1.9280800e+05
   1.9280900e+05
   1.9281000e+05
   1.9281100e+05
   1.9281200e+05
   1.9290100e+05
   1.9290200e+05
   1.9290300e+05
   1.9290400e+05
   1.9290500e+05
   1.9290600e+05
   1.9290700e+05
   1.9290800e+05
   1.9290900e+05
   1.9291000e+05
   1.9291100e+05
   1.9291200e+05
   1.9300100e+05
   1.9300200e+05
   1.9300300e+05
   1.9300400e+05
   1.9300500e+05
   1.9300600e+05
   1.9300700e+05
   1.9300800e+05
   1.9300900e+05
   1.9301000e+05
   1.9301100e+05
   1.9301200e+05
   1.9310100e+05
   1.9310200e+05
   1.9310300e+05
   1.9310400e+05
   1.9310500e+05
   1.9310600e+05
   1.9310700e+05
   1.9310800e+05
   1.9310900e+05
   1.9311000e+05
   1.9311100e+05
   1.9311200e+05
   1.9320100e+05
   1.9320200e+05
   1.9320300e+05
   1.9320400e+05
   1.9320500e+05
   1.9320600e+05
   1.9320700e+05
   1.9320800e+05
   1.9320900e+05
   1.9321000e+05
   1.9321100e+05
   1.9321200e+05
   1.9330100e+05
   1.9330200e+05
   1.9330300e+05
   1.9330400e+05
   1.9330500e+05
   1.9330600e+05
   1.9330700e+05
   1.9330800e+05
   1.9330900e+05
   1.9331000e+05
   1.9331100e+05
   1.9331200e+05
   1.9340100e+05
   1.9340200e+05
   1.9340300e+05
   1.9340400e+05
   1.9340500e+05
   1.9340600e+05
   1.9340700e+05
   1.9340800e+05
   1.9340900e+05
   1.9341000e+05
   1.9341100e+05
   1.9341200e+05
   1.9350100e+05
   1.9350200e+05
   1.9350300e+05
   1.9350400e+05
   1.9350500e+05
   1.9350600e+05
   1.9350700e+05
   1.9350800e+05
   1.9350900e+05
   1.9351000e+05
   1.9351100e+05
   1.9351200e+05
   1.9360100e+05
   1.9360200e+05
   1.9360300e+05
   1.9360400e+05
   1.9360500e+05
   1.9360600e+05
   1.9360700e+05
   1.9360800e+05
   1.9360900e+05
   1.9361000e+05
   1.9361100e+05
   1.9361200e+05
   1.9370100e+05
   1.9370200e+05
   1.9370300e+05
   1.9370400e+05
   1.9370500e+05
   1.9370600e+05
   1.9370700e+05
   1.9370800e+05
   1.9370900e+05
   1.9371000e+05
   1.9371100e+05
   1.9371200e+05
   1.9380100e+05
   1.9380200e+05
   1.9380300e+05
   1.9380400e+05
   1.9380500e+05
   1.9380600e+05
   1.9380700e+05
   1.9380800e+05
   1.9380900e+05
   1.9381000e+05
   1.9381100e+05
   1.9381200e+05
   1.9390100e+05
   1.9390200e+05
   1.9390300e+05
   1.9390400e+05
   1.9390500e+05
   1.9390600e+05
   1.9390700e+05
   1.9390800e+05
   1.9390900e+05
   1.9391000e+05
   1.9391100e+05
   1.9391200e+05
   1.9400100e+05
   1.9400200e+05
   1.9400300e+05
   1.9400400e+05
   1.9400500e+05
   1.9400600e+05
   1.9400700e+05
   1.9400800e+05
   1.9400900e+05
   1.9401000e+05
   1.9401100e+05
   1.9401200e+05
   1.9410100e+05
   1.9410200e+05
   1.9410300e+05
   1.9410400e+05
   1.9410500e+05
   1.9410600e+05
   1.9410700e+05
   1.9410800e+05
   1.9410900e+05
   1.9411000e+05
   1.9411100e+05
   1.9411200e+05
   1.9420100e+05
   1.9420200e+05
   1.9420300e+05
   1.9420400e+05
   1.9420500e+05
   1.9420600e+05
   1.9420700e+05
   1.9420800e+05
   1.9420900e+05
   1.9421000e+05
   1.9421100e+05
   1.9421200e+05
   1.9430100e+05
   1.9430200e+05
   1.9430300e+05
   1.9430400e+05
   1.9430500e+05
   1.9430600e+05
   1.9430700e+05
   1.9430800e+05
   1.9430900e+05
   1.9431000e+05
   1.9431100e+05
   1.9431200e+05
   1.9440100e+05
   1.9440200e+05
   1.9440300e+05
   1.9440400e+05
   1.9440500e+05
   1.9440600e+05
   1.9440700e+05
   1.9440800e+05
   1.9440900e+05
   1.9441000e+05
   1.9441100e+05
   1.9441200e+05
   1.9450100e+05
   1.9450200e+05
   1.9450300e+05
   1.9450400e+05
   1.9450500e+05
   1.9450600e+05
   1.9450700e+05
   1.9450800e+05
   1.9450900e+05
   1.9451000e+05
   1.9451100e+05
   1.9451200e+05
   1.9460100e+05
   1.9460200e+05
   1.9460300e+05
   1.9460400e+05
   1.9460500e+05
   1.9460600e+05
   1.9460700e+05
   1.9460800e+05
   1.9460900e+05
   1.9461000e+05
   1.9461100e+05
   1.9461200e+05
   1.9470100e+05
   1.9470200e+05
   1.9470300e+05
   1.9470400e+05
   1.9470500e+05
   1.9470600e+05
   1.9470700e+05
   1.9470800e+05
   1.9470900e+05
   1.9471000e+05
   1.9471100e+05
   1.9471200e+05
   1.9480100e+05
   1.9480200e+05
   1.9480300e+05
   1.9480400e+05
   1.9480500e+05
   1.9480600e+05
   1.9480700e+05
   1.9480800e+05
   1.9480900e+05
   1.9481000e+05
   1.9481100e+05
   1.9481200e+05
   1.9490100e+05
   1.9490200e+05
   1.9490300e+05
   1.9490400e+05
   1.9490500e+05
   1.9490600e+05
   1.9490700e+05
   1.9490800e+05
   1.9490900e+05
   1.9491000e+05
   1.9491100e+05
   1.9491200e+05
   1.9500100e+05
   1.9500200e+05
   1.9500300e+05
   1.9500400e+05
   1.9500500e+05
   1.9500600e+05
   1.9500700e+05
   1.9500800e+05
   1.9500900e+05
   1.9501000e+05
   1.9501100e+05
   1.9501200e+05
   1.9510100e+05
   1.9510200e+05
   1.9510300e+05
   1.9510400e+05
   1.9510500e+05
   1.9510600e+05
   1.9510700e+05
   1.9510800e+05
   1.9510900e+05
   1.9511000e+05
   1.9511100e+05
   1.9511200e+05
   1.9520100e+05
   1.9520200e+05
   1.9520300e+05
   1.9520400e+05
   1.9520500e+05
   1.9520600e+05
   1.9520700e+05
   1.9520800e+05
   1.9520900e+05
   1.9521000e+05
   1.9521100e+05
   1.9521200e+05
   1.9530100e+05
   1.9530200e+05
   1.9530300e+05
   1.9530400e+05
   1.9530500e+05
   1.9530600e+05
   1.9530700e+05
   1.9530800e+05
   1.9530900e+05
   1.9531000e+05
   1.9531100e+05
   1.9531200e+05
   1.9540100e+05
   1.9540200e+05
   1.9540300e+05
   1.9540400e+05
   1.9540500e+05
   1.9540600e+05
   1.9540700e+05
   1.9540800e+05
   1.9540900e+05
   1.9541000e+05
   1.9541100e+05
   1.9541200e+05
   1.9550100e+05
   1.9550200e+05
   1.9550300e+05
   1.9550400e+05
   1.9550500e+05
   1.9550600e+05
   1.9550700e+05
   1.9550800e+05
   1.9550900e+05
   1.9551000e+05
   1.9551100e+05
   1.9551200e+05
   1.9560100e+05
   1.9560200e+05
   1.9560300e+05
   1.9560400e+05
   1.9560500e+05
   1.9560600e+05
   1.9560700e+05
   1.9560800e+05
   1.9560900e+05
   1.9561000e+05
   1.9561100e+05
   1.9561200e+05
   1.9570100e+05
   1.9570200e+05
   1.9570300e+05
   1.9570400e+05
   1.9570500e+05
   1.9570600e+05
   1.9570700e+05
   1.9570800e+05
   1.9570900e+05
   1.9571000e+05
   1.9571100e+05
   1.9571200e+05
   1.9580100e+05
   1.9580200e+05
   1.9580300e+05
   1.9580400e+05
   1.9580500e+05
   1.9580600e+05
   1.9580700e+05
   1.9580800e+05
   1.9580900e+05
   1.9581000e+05
   1.9581100e+05
   1.9581200e+05
   1.9590100e+05
   1.9590200e+05
   1.9590300e+05
   1.9590400e+05
   1.9590500e+05
   1.9590600e+05
   1.9590700e+05
   1.9590800e+05
   1.9590900e+05
   1.9591000e+05
   1.9591100e+05
   1.9591200e+05
   1.9600100e+05
   1.9600200e+05
   1.9600300e+05
   1.9600400e+05
   1.9600500e+05
   1.9600600e+05
   1.9600700e+05
   1.9600800e+05
   1.9600900e+05
   1.9601000e+05
   1.9601100e+05
   1.9601200e+05
   1.9610100e+05
   1.9610200e+05
   1.9610300e+05
   1.9610400e+05
   1.9610500e+05
   1.9610600e+05
   1.9610700e+05
   1.9610800e+05
   1.9610900e+05
   1.9611000e+05
   1.9611100e+05
   1.9611200e+05
   1.9620100e+05
   1.9620200e+05
   1.9620300e+05
   1.9620400e+05
   1.9620500e+05
   1.9620600e+05
   1.9620700e+05
   1.9620800e+05
   1.9620900e+05
   1.9621000e+05
   1.9621100e+05
   1.9621200e+05
   1.9630100e+05
   1.9630200e+05
   1.9630300e+05
   1.9630400e+05
   1.9630500e+05
   1.9630600e+05
   1.9630700e+05
   1.9630800e+05
   1.9630900e+05
   1.9631000e+05
   1.9631100e+05
   1.9631200e+05
   1.9640100e+05
   1.9640200e+05
   1.9640300e+05
   1.9640400e+05
   1.9640500e+05
   1.9640600e+05
   1.9640700e+05
   1.9640800e+05
   1.9640900e+05
   1.9641000e+05
   1.9641100e+05
   1.9641200e+05
   1.9650100e+05
   1.9650200e+05
   1.9650300e+05
   1.9650400e+05
   1.9650500e+05
   1.9650600e+05
   1.9650700e+05
   1.9650800e+05
   1.9650900e+05
   1.9651000e+05
   1.9651100e+05
   1.9651200e+05
   1.9660100e+05
   1.9660200e+05
   1.9660300e+05
   1.9660400e+05
   1.9660500e+05
   1.9660600e+05
   1.9660700e+05
   1.9660800e+05
   1.9660900e+05
   1.9661000e+05
   1.9661100e+05
   1.9661200e+05
   1.9670100e+05
   1.9670200e+05
   1.9670300e+05
   1.9670400e+05
   1.9670500e+05
   1.9670600e+05
   1.9670700e+05
   1.9670800e+05
   1.9670900e+05
   1.9671000e+05
   1.9671100e+05
   1.9671200e+05
   1.9680100e+05
   1.9680200e+05
   1.9680300e+05
   1.9680400e+05
   1.9680500e+05
   1.9680600e+05
   1.9680700e+05
   1.9680800e+05
   1.9680900e+05
   1.9681000e+05
   1.9681100e+05
   1.9681200e+05
   1.9690100e+05
   1.9690200e+05
   1.9690300e+05
   1.9690400e+05
   1.9690500e+05
   1.9690600e+05
   1.9690700e+05
   1.9690800e+05
   1.9690900e+05
   1.9691000e+05
   1.9691100e+05
   1.9691200e+05
   1.9700100e+05
   1.9700200e+05
   1.9700300e+05
   1.9700400e+05
   1.9700500e+05
   1.9700600e+05
   1.9700700e+05
   1.9700800e+05
   1.9700900e+05
   1.9701000e+05
   1.9701100e+05
   1.9701200e+05
   1.9710100e+05
   1.9710200e+05
   1.9710300e+05
   1.9710400e+05
   1.9710500e+05
   1.9710600e+05
   1.9710700e+05
   1.9710800e+05
   1.9710900e+05
   1.9711000e+05
   1.9711100e+05
   1.9711200e+05
   1.9720100e+05
   1.9720200e+05
   1.9720300e+05
   1.9720400e+05
   1.9720500e+05
   1.9720600e+05
   1.9720700e+05
   1.9720800e+05
   1.9720900e+05
   1.9721000e+05
   1.9721100e+05
   1.9721200e+05
   1.9730100e+05
   1.9730200e+05
   1.9730300e+05
   1.9730400e+05
   1.9730500e+05
   1.9730600e+05
   1.9730700e+05
   1.9730800e+05
   1.9730900e+05
   1.9731000e+05
   1.9731100e+05
   1.9731200e+05
   1.9740100e+05
   1.9740200e+05
   1.9740300e+05
   1.9740400e+05
   1.9740500e+05
   1.9740600e+05
   1.9740700e+05
   1.9740800e+05
   1.9740900e+05
   1.9741000e+05
   1.9741100e+05
   1.9741200e+05
   1.9750100e+05
   1.9750200e+05
   1.9750300e+05
   1.9750400e+05
   1.9750500e+05
   1.9750600e+05
   1.9750700e+05
   1.9750800e+05
   1.9750900e+05
   1.9751000e+05
   1.9751100e+05
   1.9751200e+05
   1.9760100e+05
   1.9760200e+05
   1.9760300e+05
   1.9760400e+05
   1.9760500e+05
   1.9760600e+05
   1.9760700e+05
   1.9760800e+05
   1.9760900e+05
   1.9761000e+05
   1.9761100e+05
   1.9761200e+05
   1.9770100e+05
   1.9770200e+05
   1.9770300e+05
   1.9770400e+05
   1.9770500e+05
   1.9770600e+05
   1.9770700e+05
   1.9770800e+05
   1.9770900e+05
   1.9771000e+05
   1.9771100e+05
   1.9771200e+05
   1.9780100e+05
   1.9780200e+05
   1.9780300e+05
   1.9780400e+05
   1.9780500e+05
   1.9780600e+05
   1.9780700e+05
   1.9780800e+05
   1.9780900e+05
   1.9781000e+05
   1.9781100e+05
   1.9781200e+05
   1.9790100e+05
   1.9790200e+05
   1.9790300e+05
   1.9790400e+05
   1.9790500e+05
   1.9790600e+05
   1.9790700e+05
   1.9790800e+05
   1.9790900e+05
   1.9791000e+05
   1.9791100e+05
   1.9791200e+05
   1.9800100e+05
   1.9800200e+05
   1.9800300e+05
   1.9800400e+05
   1.9800500e+05
   1.9800600e+05
   1.9800700e+05
   1.9800800e+05
   1.9800900e+05
   1.9801000e+05
   1.9801100e+05
   1.9801200e+05
   1.9810100e+05
   1.9810200e+05
   1.9810300e+05
   1.9810400e+05
   1.9810500e+05
   1.9810600e+05
   1.9810700e+05
   1.9810800e+05
   1.9810900e+05
   1.9811000e+05
   1.9811100e+05
   1.9811200e+05
   1.9820100e+05
   1.9820200e+05
   1.9820300e+05
   1.9820400e+05
   1.9820500e+05
   1.9820600e+05
   1.9820700e+05
   1.9820800e+05
   1.9820900e+05
   1.9821000e+05
   1.9821100e+05
   1.9821200e+05
   1.9830100e+05
   1.9830200e+05
   1.9830300e+05
   1.9830400e+05
   1.9830500e+05
   1.9830600e+05
   1.9830700e+05
   1.9830800e+05
   1.9830900e+05
   1.9831000e+05
   1.9831100e+05
   1.9831200e+05
   1.9840100e+05
   1.9840200e+05
   1.9840300e+05
   1.9840400e+05
   1.9840500e+05
   1.9840600e+05
   1.9840700e+05
   1.9840800e+05
   1.9840900e+05
   1.9841000e+05
   1.9841100e+05
   1.9841200e+05
   1.9850100e+05
   1.9850200e+05
   1.9850300e+05
   1.9850400e+05
   1.9850500e+05
   1.9850600e+05
   1.9850700e+05
   1.9850800e+05
   1.9850900e+05
   1.9851000e+05
   1.9851100e+05
   1.9851200e+05
   1.9860100e+05
   1.9860200e+05
   1.9860300e+05
   1.9860400e+05
   1.9860500e+05
   1.9860600e+05
   1.9860700e+05
   1.9860800e+05
   1.9860900e+05
   1.9861000e+05
   1.9861100e+05
   1.9861200e+05
   1.9870100e+05
   1.9870200e+05
   1.9870300e+05
   1.9870400e+05
   1.9870500e+05
   1.9870600e+05
   1.9870700e+05
   1.9870800e+05
   1.9870900e+05
   1.9871000e+05
   1.9871100e+05
   1.9871200e+05
   1.9880100e+05
   1.9880200e+05
   1.9880300e+05
   1.9880400e+05
   1.9880500e+05
   1.9880600e+05
   1.9880700e+05
   1.9880800e+05
   1.9880900e+05
   1.9881000e+05
   1.9881100e+05
   1.9881200e+05
   1.9890100e+05
   1.9890200e+05
   1.9890300e+05
   1.9890400e+05
   1.9890500e+05
   1.9890600e+05
   1.9890700e+05
   1.9890800e+05
   1.9890900e+05
   1.9891000e+05
   1.9891100e+05
   1.9891200e+05
   1.9900100e+05
   1.9900200e+05
   1.9900300e+05
   1.9900400e+05
   1.9900500e+05
   1.9900600e+05
   1.9900700e+05
   1.9900800e+05
   1.9900900e+05
   1.9901000e+05
   1.9901100e+05
   1.9901200e+05
   1.9910100e+05
   1.9910200e+05
   1.9910300e+05
   1.9910400e+05
   1.9910500e+05
   1.9910600e+05
   1.9910700e+05
   1.9910800e+05
   1.9910900e+05
   1.9911000e+05
   1.9911100e+05
   1.9911200e+05
   1.9920100e+05
   1.9920200e+05
   1.9920300e+05
   1.9920400e+05
   1.9920500e+05
   1.9920600e+05
   1.9920700e+05
   1.9920800e+05
   1.9920900e+05
   1.9921000e+05
   1.9921100e+05
   1.9921200e+05
   1.9930100e+05
   1.9930200e+05
   1.9930300e+05
   1.9930400e+05
   1.9930500e+05
   1.9930600e+05
   1.9930700e+05
   1.9930800e+05
   1.9930900e+05
   1.9931000e+05
   1.9931100e+05
   1.9931200e+05
   1.9940100e+05
   1.9940200e+05
   1.9940300e+05
   1.9940400e+05
   1.9940500e+05
   1.9940600e+05
   1.9940700e+05
   1.9940800e+05
   1.9940900e+05
   1.9941000e+05
   1.9941100e+05
   1.9941200e+05
   1.9950100e+05
   1.9950200e+05
   1.9950300e+05
   1.9950400e+05
   1.9950500e+05
   1.9950600e+05
   1.9950700e+05
   1.9950800e+05
   1.9950900e+05
   1.9951000e+05
   1.9951100e+05
   1.9951200e+05
   1.9960100e+05
   1.9960200e+05
   1.9960300e+05
   1.9960400e+05
   1.9960500e+05
   1.9960600e+05
   1.9960700e+05
   1.9960800e+05
   1.9960900e+05
   1.9961000e+05
   1.9961100e+05
   1.9961200e+05
   1.9970100e+05
   1.9970200e+05
   1.9970300e+05
   1.9970400e+05
   1.9970500e+05
   1.9970600e+05
   1.9970700e+05
   1.9970800e+05
   1.9970900e+05
   1.9971000e+05
   1.9971100e+05
   1.9971200e+05
   1.9980100e+05
   1.9980200e+05
   1.9980300e+05
   1.9980400e+05
   1.9980500e+05
   1.9980600e+05
   1.9980700e+05
   1.9980800e+05
   1.9980900e+05
   1.9981000e+05
   1.9981100e+05
   1.9981200e+05
   1.9990100e+05
   1.9990200e+05
   1.9990300e+05
   1.9990400e+05
   1.9990500e+05
   1.9990600e+05
   1.9990700e+05
   1.9990800e+05
   1.9990900e+05
   1.9991000e+05
   1.9991100e+05
   1.9991200e+05
   2.0000100e+05
   2.0000200e+05
   2.0000300e+05
   2.0000400e+05
   2.0000500e+05
   2.0000600e+05
   2.0000700e+05
   2.0000800e+05
   2.0000900e+05
   2.0001000e+05
   2.0001100e+05
   2.0001200e+05
   2.0010100e+05
   2.0010200e+05
   2.0010300e+05
   2.0010400e+05
   2.0010500e+05
   2.0010600e+05
   2.0010700e+05
   2.0010800e+05
   2.0010900e+05
   2.0011000e+05
   2.0011100e+05
   2.0011200e+05
   2.0020100e+05
   2.0020200e+05
   2.0020300e+05
   2.0020400e+05
   2.0020500e+05
   2.0020600e+05
   2.0020700e+05
   2.0020800e+05
   2.0020900e+05
   2.0021000e+05
   2.0021100e+05
   2.0021200e+05
   2.0030100e+05
   2.0030200e+05
   2.0030300e+05
   2.0030400e+05
   2.0030500e+05
   2.0030600e+05
   2.0030700e+05
   2.0030800e+05
   2.0030900e+05
   2.0031000e+05
   2.0031100e+05
   2.0031200e+05
   2.0040100e+05
   2.0040200e+05
   2.0040300e+05
   2.0040400e+05
   2.0040500e+05
   2.0040600e+05
   2.0040700e+05
   2.0040800e+05
   2.0040900e+05
   2.0041000e+05
   2.0041100e+05
   2.0041200e+05
   2.0050100e+05
   2.0050200e+05
   2.0050300e+05
   2.0050400e+05
   2.0050500e+05
   2.0050600e+05
   2.0050700e+05
   2.0050800e+05
   2.0050900e+05
   2.0051000e+05
   2.0051100e+05
   2.0051200e+05
   2.0060100e+05
   2.0060200e+05
   2.0060300e+05
   2.0060400e+05
   2.0060500e+05
   2.0060600e+05
   2.0060700e+05
   2.0060800e+05
   2.0060900e+05
   2.0061000e+05
   2.0061100e+05
   2.0061200e+05
   2.0070100e+05
   2.0070200e+05
   2.0070300e+05
   2.0070400e+05
   2.0070500e+05
   2.0070600e+05
   2.0070700e+05
   2.0070800e+05
   2.0070900e+05
   2.0071000e+05
   2.0071100e+05
   2.0071200e+05
   2.0080100e+05
   2.0080200e+05
   2.0080300e+05
   2.0080400e+05
   2.0080500e+05
   2.0080600e+05
   2.0080700e+05
   2.0080800e+05
   2.0080900e+05
   2.0081000e+05
   2.0081100e+05
   2.0081200e+05
   2.0090100e+05
   2.0090200e+05
   2.0090300e+05
   2.0090400e+05
   2.0090500e+05
   2.0090600e+05
   2.0090700e+05
   2.0090800e+05
   2.0090900e+05
   2.0091000e+05
   2.0091100e+05
   2.0091200e+05
   2.0100100e+05
   2.0100200e+05
   2.0100300e+05
   2.0100400e+05
   2.0100500e+05
   2.0100600e+05
   2.0100700e+05
   2.0100800e+05
   2.0100900e+05
   2.0101000e+05
   2.0101100e+05
   2.0101200e+05
   2.0110100e+05
   2.0110200e+05
   2.0110300e+05
   2.0110400e+05
   2.0110500e+05
   2.0110600e+05
   2.0110700e+05
   2.0110800e+05
   2.0110900e+05
   2.0111000e+05
   2.0111100e+05
   2.0111200e+05
   2.0120100e+05
   2.0120200e+05
   2.0120300e+05
   2.0120400e+05
   2.0120500e+05
   2.0120600e+05
   2.0120700e+05
   2.0120800e+05
   2.0120900e+05
   2.0121000e+05
   2.0121100e+05
   2.0121200e+05
