%This is date, month, maximum snow depth, and total snowfall for the month.

1916	12	4267	3125
1917	1	5486	3325
1917	2	5918	1956
1917	3	8077	5232
1917	4	8306	2389
1917	5	7595	356
1917	6	5182	1206
1917	7	3353	-9999
1917	8	127	0
1917	12	3048	-9999
1918	1	3454	-9999
1918	3	4775	-9999
1918	4	4801	-9999
1918	5	3962	-9999
1918	6	3353	-9999
1918	7	0	0
1918	8	-9999	-9999
1918	9	-9999	0
1919	9	76	-9999
1919	10	457	962
1919	11	1422	1675
1919	12	1524	1294
1920	1	2591	2260
1920	2	2261	608
1920	3	3556	2285
1920	4	4877	2342
1920	5	3810	718
1920	6	3200	165
1920	7	1473	-9999
1920	8	-9999	0
1920	9	559	659
1920	10	762	991
1920	11	1372	1653
1920	12	3607	4253
1921	1	5613	3962
1921	2	5740	1575
1921	3	6096	1805
1921	4	6401	1371
1921	5	6198	661
1921	6	4547	115
1921	7	2642	127
1921	8	-9999	0
1921	9	51	89
1921	10	457	699
1921	11	2286	2908
1921	12	2286	1525
1922	1	2946	3213
1922	2	4115	2034
1922	3	5029	4015
1922	4	5182	2132
1922	5	4775	1195
1922	6	2845	25
1922	7	381	0
1922	8	-9999	0
1922	9	76	89
1922	10	356	762
1922	11	991	1219
1922	12	2794	332
1923	1	5461	265
1923	2	5740	1537
1923	3	5969	2008
1923	4	4877	148
1923	5	5309	660
1923	6	4064	178
1923	7	1473	0
1923	8	-9999	0
1923	9	-9999	13
1923	10	508	1168
1923	11	762	1726
1923	12	3073	270
1924	1	4166	3733
1924	2	4470	1294
1924	3	4267	3074
1924	4	4572	1727
1924	5	3048	-9999
1924	6	-9999	228
1924	7	-9999	-9999
1924	11	-9999	-9999
1924	12	2845	2361
1925	1	4877	9117
1925	2	6579	2896
1925	3	6706	2286
1925	10	0	-9999
1925	11	1168	1734
1925	12	2159	2184
1926	1	2921	2769
1926	2	3658	2082
1926	3	3200	661
1926	4	3150	457
1926	5	1575	558
1926	6	0	-9999
1926	7	-9999	-9999
1926	8	-9999	-9999
1926	9	229	469
1926	10	330	363
1926	11	914	1346
1926	12	2032	1749
1927	1	-9999	2725
1927	2	5029	2483
1927	3	5334	1455
1927	4	5258	1510
1927	5	5029	1575
1927	6	4166	-9999
1927	7	1422	-9999
1927	8	-9999	0
1927	9	102	13
1927	10	203	224
1927	11	1499	2143
1927	12	2438	2209
1928	1	2591	859
1928	2	2769	952
1928	3	4115	2033
1928	4	4699	1307
1928	5	4597	127
1928	6	2515	38
1928	7	737	-9999
1928	8	-9999	-9999
1928	9	-9999	-9999
1928	10	203	275
1928	11	787	1163
1928	12	2337	2387
1929	1	3810	3632
1929	2	4623	1829
1929	3	5258	1611
1929	4	6045	1740
1929	5	5029	295
1929	6	1981	280
1929	7	787	0
1929	8	-9999	-9999
1929	9	102	-9999
1929	10	51	76
1929	11	203	254
1929	12	1676	2464
1930	1	2184	609
1930	2	2616	1765
1930	3	3658	2247
1930	4	2819	457
1930	5	2235	889
1930	6	1270	25
1930	7	-9999	0
1930	8	-9999	-9999
1930	9	0	8
1930	10	102	143
1930	11	1219	1588
1930	12	1270	920
1931	1	2464	2420
1931	2	2616	1557
1931	3	3912	3304
1931	4	4115	981
1931	5	2540	465
1931	6	559	3
1931	7	-9999	-9999
1931	8	-9999	-9999
1931	9	-9999	-9999
1931	10	1270	1905
1931	11	1753	2540
1931	12	3454	3200
1932	1	4394	4370
1932	2	5182	2387
1932	3	5690	2972
1932	4	6147	1988
1932	5	5410	0
1932	6	3302	0
1932	7	1753	-9999
1932	8	-9999	-9999
1932	9	-9999	0
1932	10	508	1157
1932	11	1245	1905
1932	12	2591	2919
1933	1	4267	3149
1933	2	5334	2718
1933	3	5791	2020
1933	4	5588	737
1933	5	4978	939
1933	6	4039	330
1933	7	-9999	-9999
1933	8	-9999	-9999
1933	9	356	406
1933	10	305	292
1933	11	254	267
1933	12	2134	1270
1934	1	3150	2011
1934	2	2997	520
1934	3	2921	559
1934	4	2286	432
1934	5	1499	255
1934	6	51	51
1934	7	-9999	-9999
1934	8	-9999	0
1934	9	102	102
1934	10	610	636
1934	11	1346	2340
1934	12	2896	2576
1935	1	4420	2896
1935	2	3556	1549
1935	3	5334	2692
1935	4	5207	813
1935	5	4013	164
1935	6	2692	25
1935	7	762	38
1935	8	-9999	-9999
1935	9	0	0
1935	10	305	686
1935	11	762	1346
1935	12	1626	1359
1936	1	3810	4141
1936	2	4877	3455
1936	3	5740	1550
1936	4	5690	534
1936	5	3988	584
1936	6	2591	0
1936	7	76	0
1936	8	-9999	0
1936	9	76	203
1936	10	25	25
1936	11	102	153
1936	12	2362	3644
1937	1	3302	3302
1937	2	4775	4471
1937	3	4724	1955
1937	4	5182	2946
1937	5	4724	636
1937	6	2997	279
1937	7	-9999	0
1937	8	-9999	0
1937	9	0	0
1937	10	0	127
1937	11	1524	-9999
1937	12	3251	3193
1938	1	3404	1879
1938	2	4013	1765
1938	3	4851	3176
1938	4	4699	482
1938	5	4115	660
1938	6	2438	0
1938	7	-9999	-9999
1938	8	-9999	-9999
1938	9	-9999	-9999
1938	10	51	76
1938	11	965	1904
1938	12	2108	2361
1939	1	3937	3786
1939	2	5258	3707
1939	3	5791	1956
1939	4	4420	176
1939	5	3505	228
1939	6	2108	242
1939	7	406	0
1939	8	-9999	-9999
1939	9	-9999	0
1939	10	102	127
1939	12	940	1611
1940	1	1372	1167
1940	2	3048	3708
1940	3	3251	1446
1940	4	2794	1040
1940	5	2743	432
1940	6	711	25
1940	7	-9999	0
1940	8	-9999	-9999
1940	9	-9999	-9999
1940	10	305	355
1940	11	813	1535
1940	12	1575	1219
1941	1	2540	1892
1941	2	2413	685
1941	3	2286	737
1941	4	2057	964
1941	5	1168	559
1941	6	0	0
1941	7	-9999	-9999
1941	8	-9999	-9999
1941	9	0	13
1941	10	127	253
1941	11	457	684
1941	12	1626	2460
1942	1	1727	1143
1942	2	2667	2617
1942	3	2997	1625
1942	4	2743	1518
1942	5	2667	559
1942	6	1346	467
1942	7	0	-9999
1942	8	-9999	-9999
1942	9	-9999	-9999
1942	10	330	228
1942	11	1575	2630
1942	12	3099	3378
1943	1	3759	1980
1943	2	4674	1834
1943	3	5156	2249
1943	4	5131	761
1943	5	4166	279
1943	6	3277	3
1943	7	1524	0
1943	8	-9999	0
1943	9	-9999	0
1943	10	584	964
1944	1	2337	-9999
1944	2	3073	-9999
1944	3	3124	-9999
1944	4	3150	-9999
1944	5	2413	-9999
1944	6	762	0
1944	7	-9999	0
1944	8	-9999	0
1944	9	102	127
1944	10	0	0
1944	11	1067	482
1944	12	1016	939
1945	1	1702	1371
1945	2	2921	-9999
1945	3	3835	305
1945	4	4572	-9999
1945	5	3556	-9999
1945	7	-9999	0
1945	8	-9999	0
1945	9	0	0
1945	10	305	0
1945	11	2286	915
1945	12	2743	76
1946	1	5080	-9999
1946	2	5639	-9999
1946	3	5918	-9999
1946	5	5055	0
1946	6	3150	-9999
1946	7	1397	0
1946	8	-9999	0
1946	9	102	102
1946	10	610	1142
1946	11	1473	1524
1946	12	3124	3228
1947	1	4369	3224
1947	2	4801	1092
1947	3	5182	1931
1947	4	5055	1168
1947	5	3861	76
1947	6	1676	0
1947	7	-9999	0
1948	2	5029	3251
1948	6	4267	0
1948	7	1270	0
1948	8	0	0
1948	9	203	356
1948	10	229	419
1948	11	2515	4752
1948	12	4420	4292
1949	7	1422	0
1949	8	0	0
1949	9	102	0
1949	10	381	25
1949	11	356	0
1950	6	4318	0
1950	8	279	0
1950	9	25	76
1950	10	610	686
1950	11	1372	228
1950	12	1702	1849
1951	1	3937	3886
1951	2	4166	2444
1951	3	5232	3354
1951	4	4851	246
1951	5	3810	173
1951	6	2464	0
1951	7	0	0
1951	8	0	152
1951	9	0	0
1951	10	813	865
1951	11	1702	353
1952	4	4902	571
1952	5	3886	389
1952	6	2337	140
1952	7	711	0
1952	8	0	0
1952	9	0	0
1952	10	0	76
1952	11	254	266
1952	12	1524	813
1953	1	3150	-9999
1953	2	4013	-9999
1953	4	4902	89
1953	5	4115	545
1953	6	3277	25
1953	7	1905	0
1953	8	0	0
1953	9	0	25
1953	10	127	114
1953	11	660	1422
1953	12	2591	978
1954	1	4978	-9999
1954	2	5613	-9999
1954	3	5715	-9999
1954	4	6502	-9999
1954	5	5588	-9999
1954	6	3353	165
1954	7	3023	0
1954	8	0	0
1954	9	0	0
1954	10	152	309
1954	11	559	1130
1954	12	2286	3765
1955	1	2794	2562
1955	2	4394	3327
1955	3	5791	3645
1955	4	6172	2950
1955	5	5842	701
1955	6	4877	102
1955	7	2819	59
1955	8	406	0
1955	9	51	186
1955	10	762	1250
1955	11	2261	1854
1955	12	3454	2870
1956	1	5182	5143
1956	2	6350	3785
1956	3	9322	4762
1956	4	8331	673
1956	5	6579	165
1956	6	4826	242
1956	7	3251	0
1956	8	0	13
1956	9	0	0
1956	10	1219	1962
1956	11	1372	1018
1956	12	2184	2733
1957	1	3099	2780
1957	2	4013	2742
1957	3	4724	3123
1957	4	4648	1066
1957	5	4115	38
1957	6	2134	0
1957	7	-9999	-9999
1957	8	-9999	-9999
1957	9	-9999	-9999
1957	10	229	596
1957	11	1067	1930
1957	12	3200	4253
1958	1	4089	2975
1958	2	4445	2094
1958	3	4318	1354
1958	4	5004	1918
1958	5	4470	89
1958	6	2159	0
1958	7	0	0
1958	8	0	0
1958	9	0	0
1958	10	229	254
1958	11	2007	2578
1958	12	1727	1536
1959	1	3581	4381
1959	2	4267	2680
1959	3	5207	3198
1959	4	4877	965
1959	5	4496	509
1959	6	3404	206
1959	7	1168	8
1959	8	0	0
1959	9	102	102
1959	10	279	456
1959	11	1067	1423
1959	12	1473	1679
1960	1	2337	2096
1960	2	3277	2286
1960	3	3962	3125
1960	4	4216	2033
1960	5	3708	1041
1960	6	3200	89
1960	7	737	0
1960	8	0	38
1960	9	0	0
1960	10	305	564
1960	11	2184	3480
1960	12	2388	1751
1961	1	2997	2073
1961	2	5080	5057
1961	3	5766	2117
1961	4	5283	1652
1961	5	5232	558
1961	6	3810	0
1961	7	1219	0
1961	8	0	0
1961	9	102	152
1961	10	686	1283
1961	11	1372	1564
1961	12	2870	3226
1962	1	2972	1244
1962	2	3734	1599
1962	3	4623	3250
1962	4	4039	1053
1962	5	3937	291
1962	6	3226	152
1962	7	1219	13
1962	8	0	0
1962	9	25	0
1962	10	838	915
1962	11	1346	2513
1962	12	1600	1117
1963	1	1930	1067
1963	2	2235	901
1963	3	3429	3008
1963	4	3353	1436
1963	5	3454	508
1963	6	1778	0
1963	7	0	0
1963	8	0	0
1963	9	0	0
1963	10	508	762
1963	11	1676	2203
1963	12	2134	1843
1964	1	4978	6602
1964	2	5029	1347
1964	3	6020	2286
1964	4	5690	1308
1964	5	5639	354
1964	6	4420	5
1964	7	2489	0
1964	8	0	0
1964	9	0	0
1964	10	127	229
1964	11	1372	2389
1964	12	3175	4269
1965	1	4115	4102
1965	2	4953	2541
1965	3	4877	736
1965	4	4547	496
1965	5	4343	812
1965	6	2896	25
1965	7	610	0
1965	8	0	0
1965	9	0	0
1965	10	229	355
1965	11	787	1328
1965	12	2362	2908
1966	1	3302	2589
1966	2	4064	2335
1966	3	5182	3327
1966	4	3962	711
1966	6	2794	210
1966	7	0	0
1966	8	0	0
1966	9	0	0
1966	10	737	902
1966	11	1016	1729
1966	12	2134	3060
1967	1	4597	5271
1967	2	5410	1931
1967	3	6502	3239
1967	4	6731	1295
1967	5	6807	152
1967	6	3861	0
1967	7	1143	0
1967	8	0	0
1967	9	0	0
1967	10	305	851
1967	11	610	990
1967	12	1626	2122
1968	1	2286	3061
1968	2	2667	1206
1968	3	3302	2361
1968	4	3607	1802
1968	5	3200	304
1968	6	1372	51
1968	7	0	0
1968	8	0	0
1968	9	25	38
1968	10	1092	2172
1968	11	1473	2438
1968	12	4064	5692
1969	1	6096	5203
1969	2	6502	2134
1969	3	6477	1383
1969	4	4902	941
1969	5	4140	177
1969	6	1168	0
1969	7	0	0
1969	8	0	0
1969	9	0	0
1969	10	254	647
1969	11	356	762
1969	12	2286	3557
1970	1	3404	4876
1970	2	3861	2183
1970	3	3632	1245
1970	4	4445	2261
1970	5	4445	341
1970	6	3073	141
1970	7	305	0
1970	8	0	0
1970	9	25	51
1970	10	889	1028
1970	11	1626	2236
1970	12	3734	5337
1971	1	6020	6337
1971	2	5893	2730
1971	3	7036	5460
1971	4	6883	1397
1971	5	6198	1309
1971	6	5055	203
1971	7	3581	76
1971	8	813	0
1971	9	203	229
1971	10	864	1486
1971	11	2134	3112
1971	12	3886	5765
1972	1	6706	7034
1972	2	6985	4040
1972	3	7315	2782
1972	4	7747	3644
1972	5	7493	204
1972	6	5309	127
1972	7	3353	38
1972	8	711	0
1972	9	483	967
1972	10	457	610
1972	11	914	1426
1972	12	2489	3556
1973	1	2616	2363
1973	2	2667	940
1973	3	3302	2275
1973	4	3378	1268
1973	5	3150	813
1973	6	1626	420
1973	7	0	0
1973	8	0	3
1973	9	0	0
1973	10	229	542
1973	11	2261	4939
1973	12	3759	4340
1974	1	5359	4582
1974	2	6248	4153
1974	3	6985	3489
1974	4	7442	3101
1974	5	7290	1825
1974	6	6223	229
1974	7	4013	0
1974	8	1676	0
1974	9	0	0
1974	10	51	115
1974	11	1270	2389
1974	12	3023	4142
1975	1	4801	4889
1975	2	5334	3417
1975	3	6071	3301
1975	4	5944	1497
1975	5	5842	838
1975	6	4343	241
1975	7	2743	0
1975	8	0	0
1975	9	0	0
1975	10	1118	2142
1975	11	1981	3365
1975	12	2438	2314
1976	1	4572	4304
1976	2	5410	4050
1976	3	6401	3453
1976	4	6071	1463
1976	5	5258	331
1976	6	4191	266
1976	7	2642	0
1976	8	0	0
1976	9	0	0
1976	10	406	508
1976	11	178	178
1976	12	559	870
1977	1	838	648
1977	2	1499	1551
1977	3	3099	4611
1977	4	3200	915
1977	5	2261	1205
1977	6	1880	30
1977	7	0	0
1977	8	0	0
1977	9	102	229
1977	10	457	796
1977	11	1448	2600
1977	12	2540	3033
1978	1	3175	2391
1978	2	3658	2191
1978	3	3861	1072
1978	4	4166	1938
1978	5	3658	848
1978	6	3073	51
1978	7	914	0
1978	8	0	0
1978	9	152	152
1978	10	305	294
1978	11	914	1463
1978	12	2057	2874
1979	1	2591	1749
1979	2	4293	4773
1979	3	4216	818
1979	4	4318	2496
1979	5	3480	477
1979	6	2286	96
1979	7	584	271
1979	8	0	0
1979	9	0	0
1979	10	584	1166
1979	11	914	1199
1979	12	1778	2470
1980	1	3505	4320
1980	2	3531	1854
1980	3	4293	3353
1980	4	4547	1436
1980	5	3429	400
1980	6	2210	158
1980	7	0	0
1980	8	0	0
1980	9	0	0
1980	10	25	62
1980	11	864	1573
1980	12	1956	2032
1981	1	1118	648
1981	2	2134	2412
1981	3	2540	1498
1981	4	3861	2807
1981	5	2413	394
1981	6	1372	312
1981	7	51	89
1981	8	0	0
1981	9	152	205
1981	10	229	548
1981	11	1016	1908
1981	12	2921	4657
1982	1	4470	4136
1982	2	5182	2603
1982	3	5639	2096
1982	4	6502	2692
1982	5	5436	279
1982	6	4013	39
1982	7	1092	0
1982	8	0	0
1982	9	25	33
1982	10	533	1243
1982	11	10693	3313
1982	12	2743	2933
1983	1	3429	2819
1983	2	4267	2693
1983	3	4674	2354
1983	4	4877	1051
1983	5	4242	1081
1983	6	2692	237
1983	7	1372	0
1983	8	0	0
1983	9	76	101
1983	10	0	33
1983	11	2159	4508
1983	12	2921	3033
1984	1	3048	1652
1984	2	3988	2502
1984	3	4420	2349
1984	4	5309	2682
1984	5	5055	1398
1984	6	4216	230
1984	7	2438	0
1984	8	0	0
1984	9	178	178
1984	10	737	1652
1984	11	2718	3962
1984	12	4039	3847
1985	1	3759	234
1985	2	4318	3189
1985	3	5029	3163
1985	4	4826	1274
1985	5	4216	318
1985	6	2794	0
1985	7	381	0
1985	8	0	0
1985	9	25	13
1985	10	305	1105
1985	11	1651	3026
1985	12	1930	1080
1986	1	2642	2618
1986	2	3454	2249
1986	3	3200	1527
1986	4	3683	2174
1986	5	3632	1131
1986	6	2311	25
1986	7	127	0
1986	8	0	0
1986	9	127	223
1986	10	76	97
1986	11	1727	3126
1986	12	2134	1879
1987	1	3124	3019
1987	2	3531	1921
1987	3	4039	2426
1987	4	3886	980
1987	5	3200	445
1987	6	1854	166
1987	7	0	0
1987	8	0	0
1987	9	51	51
1987	10	0	0
1987	11	914	1523
1988	1	2692	2555
1988	2	3302	1803
1988	3	4750	3632
1988	4	4928	2135
1988	5	4318	1015
1988	6	3048	115
1988	7	813	0
1988	8	0	0
1988	9	0	38
1988	10	0	0
1988	11	2057	4800
1988	12	2667	2527
1989	1	4064	4226
1989	2	4267	1906
1989	3	4953	3632
1989	4	5486	1131
1989	5	3658	775
1989	6	2896	185
1989	7	914	0
1989	8	0	0
1989	9	0	0
1989	10	254	439
1989	11	940	2133
1989	12	660	330
1990	1	2489	3266
1990	2	5105	5879
1990	3	4724	1677
1990	4	4013	1702
1990	5	3759	697
1990	6	3023	407
1990	7	1524	0
1990	8	0	0
1990	9	0	0
1990	10	305	938
1990	11	1397	2389
1990	12	2616	3125
1991	1	3556	2490
1991	2	3353	1054
1991	3	4420	3749
1991	4	5639	3708
1991	5	4521	687
1991	6	3759	257
1991	7	2413	0
1991	8	0	0
1991	9	0	0
1991	10	711	1284
1991	11	1651	2769
1991	12	2337	2431
1992	1	3480	2960
1992	2	3861	1575
1992	3	3353	306
1992	4	3302	1271
1992	5	2616	89
1992	6	787	0
1992	7	0	0
1992	8	0	0
1992	9	25	25
1992	10	203	255
1992	11	1702	3023
1992	12	2997	3849
1993	1	3327	2144
1993	2	2946	547
1993	3	3200	1296
1993	4	3835	2264
1993	5	3734	241
1993	6	1473	330
1993	7	102	0
1993	8	0	0
1993	9	0	0
1993	10	0	0
1993	11	864	1242
1993	12	1702	2123
1994	1	2565	2273
1994	2	4267	4321
1994	3	4445	2618
1994	5	3200	281
1994	7	457	0
1994	8	0	0
1994	9	0	0
1994	10	787	1501
1994	11	3150	5450
1994	12	3607	3292
1995	1	4267	1831
1995	2	4369	1524
1995	3	4674	2606
1995	4	5004	1905
1995	5	4343	267
1995	6	2642	203
1995	7	610	0
1995	8	0	0
1995	9	0	0
1995	10	76	412
1995	11	660	979
1995	12	1880	2875
1996	2	3454	2329
1996	3	3632	1551
1996	4	3810	2475
1996	5	3505	585
1996	6	3023	51
1996	7	0	0
1996	8	0	0
1996	9	0	51
1996	10	635	1320
1996	12	4216	6802
1997	1	4470	3148
1997	2	5385	1739
1997	3	6807	4127
1997	4	6248	1740
1997	5	6096	419
1997	6	4318	0
1997	8	203	0
1997	9	0	0
1997	10	127	151
1997	11	1397	2616
1997	12	2286	2910
1998	1	4115	5041
1998	2	4623	2591
1998	3	4775	2030
1998	4	4369	621
1998	5	3505	686
1998	6	2794	130
1998	7	1016	0
1998	8	0	0
1998	9	0	0
1998	10	178	634
1998	11	1778	3757
1998	12	3429	4875
1999	1	5029	4461
1999	2	6858	4535
1999	3	7366	3518
1999	4	7188	1131
1999	5	6934	1386
1999	6	5283	152
1999	7	3861	64
1999	8	1372	0
1999	9	0	0
1999	10	203	339
1999	11	762	1892
1999	12	2718	4078
2000	1	4166	5321
2000	2	4470	1807
2000	3	5207	2868
2000	4	4750	929
2000	5	4343	851
2000	6	2921	89
2000	7	1422	13
2000	8	0	0
2000	9	0	0
2000	10	127	203
2000	11	1092	559
2000	12	1930	1779
2001	1	2235	1983
2001	2	2743	1779
2001	3	2870	1854
2001	4	3353	2451
2001	5	3683	940
2001	6	2007	547
2001	7	457	0
2001	8	0	0
2001	9	0	0
2001	10	406	990
2001	11	1575	2256
2001	12	3480	5208
2002	1	4826	3305
2002	2	5131	2096
2002	3	6198	4497
2002	4	5537	1371
2002	5	5283	674
2002	6	3912	51
2002	7	1829	0
2002	8	0	0
2002	9	0	0
2002	10	25	63
2002	11	381	840
2002	12	1880	3520
2003	1	1956	1422
2003	2	2896	1968
2003	3	4394	3899
2003	5	3861	752
2003	6	2769	46
2003	7	508	0
2003	8	0	0
2003	9	25	46
2003	10	203	580
2003	11	1829	3465
2003	12	2946	3707
2004	1	4039	2590
2004	2	4470	2389
2004	3	4877	1866
2004	4	4318	204
2004	5	3353	230
2004	6	2413	26
2004	7	0	0
2004	8	0	0
2004	9	51	51
2004	10	559	914
2004	11	584	992
2004	12	1295	1960
2005	1	1651	1169
2005	2	1473	978
2005	3	2261	2447
2005	4	2413	1749
2005	5	1626	190
2005	6	51	51
2005	7	0	0
2005	8	0	0
2005	9	51	51
2005	10	152	331
2005	11	1575	3478
2005	12	2210	2628
2006	1	4267	6072
2006	2	4623	2236
2006	3	5461	3016
2006	4	5207	1155
2006	5	4394	177
2006	6	3048	0
2006	7	686	0
2006	8	0	0
2006	9	0	63
2006	10	203	76
2006	11	2286	4864
2006	12	2642	2300
2007	1	3708	1752
2007	2	4547	3289
2007	3	4674	1623
2007	4	3861	951
2007	5	3658	674
2007	6	2489	101
2007	7	737	0
2007	8	0	0
2007	9	51	8
2007	10	533	680
2007	11	889	1055
2007	12	3099	4007
2008	1	4267	5118
2008	2	5029	1753
2008	3	6401	4469
2008	4	6172	1990
2008	5	5486	13
2008	6	4496	495
2008	7	2921	0
2008	8	610	0
2008	9	0	0
2008	10	127	139
2008	11	356	1259
2008	12	2388	6095
2009	1	2997	1931
2009	2	3302	1407
2009	3	4724	4434
2009	4	5309	711
2009	5	4521	1361
2009	6	3251	3
2009	7	838	0
2009	8	0	0
2009	9	0	8
2009	10	127	28
2009	11	1854	3968
2009	12	2184	1663
2010	1	2692	1991
2010	2	3200	1713
2010	3	3962	1027
2010	4	4623	1245
2010	5	4445	805
2010	6	3556	54
2010	7	1854	0
2010	8	0	0
2010	9	0	0
2010	10	1118	1022
2010	11	1753	3654
2010	12	2667	2382
2011	1	3048	1943
2011	2	3988	2555
2011	3	5385	4966
2011	4	6426	4323
2011	5	6274	920
2011	6	5410	223
2011	7	3658	0
2011	8	1626	0
2011	9	0	0
2011	10	51	105
2011	11	1651	3906
2011	12	1981	1121
2012	1	3454	3114
2012	2	4445	2692
2012	3	5791	5028
2012	4	5918	889
2012	5	5182	816
2012	6	3785	164
2012	7	2591	0
2012	8	0	0
2012	9	0	0
2012	10	356	762
2012	11	991	1650
2012	12	3505	5855
2013	1	3937	2840
2013	2	4521	2232
2013	3	4877	2263
2013	4	5232	1232
2013	5	4547	558
