   1.9500000e+03  -1.0220000e+00  -1.1460000e+00  -1.2890000e+00  -1.0580000e+00  -1.4200000e+00  -1.3660000e+00  -1.3300000e+00  -1.0650000e+00  -5.8100000e-01  -3.9500000e-01  -1.1520000e+00  -1.2470000e+00
   1.9510000e+03  -1.0680000e+00  -1.1960000e+00  -1.2080000e+00  -4.3700000e-01  -2.7500000e-01   4.6400000e-01   7.3900000e-01   8.5300000e-01   7.7400000e-01   7.5100000e-01   7.2700000e-01   4.6700000e-01
   1.9520000e+03   4.0600000e-01   1.3100000e-01   8.6000000e-02   2.6200000e-01  -2.6700000e-01  -6.3800000e-01  -2.4500000e-01  -1.6000000e-01   3.6200000e-01   3.1000000e-01  -3.4000000e-01  -1.2600000e-01
   1.9530000e+03   2.4000000e-02   3.7900000e-01   2.6300000e-01   7.1200000e-01   8.4000000e-01   2.4600000e-01   4.1600000e-01   2.5300000e-01   5.2100000e-01   9.3000000e-02   4.8000000e-02   3.1200000e-01
   1.9540000e+03  -5.1000000e-02  -1.8000000e-02   1.7800000e-01  -5.0600000e-01  -1.4250000e+00  -1.5890000e+00  -1.3970000e+00  -1.4680000e+00  -1.1560000e+00  -1.3720000e+00  -1.1450000e+00  -1.1060000e+00
   1.9550000e+03  -7.7100000e-01  -6.9700000e-01  -1.1340000e+00  -1.5570000e+00  -1.6310000e+00  -2.2870000e+00  -1.9320000e+00  -2.0430000e+00  -1.8250000e+00  -1.7450000e+00  -1.8270000e+00  -1.8620000e+00
   1.9560000e+03  -1.4360000e+00  -1.3000000e+00  -1.3960000e+00  -1.1560000e+00  -1.3020000e+00  -1.5080000e+00  -1.2070000e+00  -1.1430000e+00  -1.3640000e+00  -1.4620000e+00  -1.0360000e+00  -1.0150000e+00
   1.9570000e+03  -9.4800000e-01  -3.5000000e-01   1.5600000e-01   3.5200000e-01   9.0800000e-01   7.7300000e-01   9.3700000e-01   1.1220000e+00   1.1830000e+00   1.0980000e+00   1.1320000e+00   1.2310000e+00
   1.9580000e+03   1.4730000e+00   1.4500000e+00   1.3170000e+00   1.0250000e+00   7.4300000e-01   8.9600000e-01   7.0800000e-01   4.3300000e-01   1.7600000e-01   2.0800000e-01   4.9000000e-01   7.0700000e-01
   1.9590000e+03   5.7400000e-01   8.0400000e-01   5.0200000e-01   2.1700000e-01   1.6000000e-02   2.2000000e-02  -2.0000000e-01   7.2000000e-02   5.4000000e-02  -8.0000000e-02  -1.8400000e-01  -2.6500000e-01
   1.9600000e+03  -3.1100000e-01  -2.6200000e-01  -8.0000000e-02   1.9000000e-02  -3.2500000e-01  -2.4200000e-01  -3.4900000e-01  -2.5200000e-01  -4.7400000e-01  -3.6400000e-01  -3.3900000e-01  -4.3300000e-01
   1.9610000e+03  -1.5200000e-01  -2.6700000e-01  -8.2000000e-02   1.8000000e-02  -2.8400000e-01  -8.3000000e-02  -1.7800000e-01  -2.4800000e-01  -2.6300000e-01  -5.1800000e-01  -4.4000000e-01  -6.4400000e-01
   1.9620000e+03  -1.0930000e+00  -9.9200000e-01  -7.1500000e-01  -1.0230000e+00  -9.2000000e-01  -8.5700000e-01  -7.1200000e-01  -5.5000000e-01  -5.4900000e-01  -6.5600000e-01  -5.9500000e-01  -4.7800000e-01
   1.9630000e+03  -7.0300000e-01  -8.3800000e-01  -6.9600000e-01  -8.1600000e-01  -4.6900000e-01  -4.4000000e-02   4.3800000e-01   6.2800000e-01   7.6200000e-01   8.3000000e-01   8.5600000e-01   7.4800000e-01
   1.9640000e+03   8.5700000e-01   4.4700000e-01  -2.9400000e-01  -6.1700000e-01  -1.2730000e+00  -1.0970000e+00  -1.4060000e+00  -1.5030000e+00  -1.2870000e+00  -1.2060000e+00  -1.1950000e+00  -9.0500000e-01
   1.9650000e+03  -5.2500000e-01  -3.2300000e-01  -2.4900000e-01   1.0400000e-01   5.3500000e-01   9.5600000e-01   1.3950000e+00   1.4830000e+00   1.4040000e+00   1.2200000e+00   1.3690000e+00   1.2570000e+00
   1.9660000e+03   1.3110000e+00   1.1910000e+00   6.9700000e-01   5.5600000e-01  -1.3500000e-01  -1.2800000e-01  -1.4900000e-01   1.6400000e-01  -8.8000000e-02  -1.4000000e-02   2.5000000e-02  -1.8100000e-01
   1.9670000e+03  -4.7300000e-01  -9.3900000e-01  -1.0790000e+00  -1.0670000e+00  -4.7800000e-01  -3.5400000e-01  -6.3000000e-01  -4.3100000e-01  -6.3300000e-01  -6.8100000e-01  -4.2400000e-01  -3.6800000e-01
   1.9680000e+03  -5.9500000e-01  -7.0000000e-01  -6.1300000e-01  -9.7300000e-01  -1.0950000e+00  -7.3100000e-01  -5.5000000e-01  -1.2800000e-01   2.3500000e-01   4.2400000e-01   6.0000000e-01   3.6000000e-01
   1.9690000e+03   6.8800000e-01   8.6800000e-01   4.4500000e-01   6.1700000e-01   7.0600000e-01   7.9800000e-01   4.2100000e-01   1.4500000e-01   1.5700000e-01   5.0600000e-01   6.4600000e-01   3.8000000e-01
   1.9700000e+03   3.5900000e-01   4.0700000e-01   2.1500000e-01  -5.5000000e-02  -1.3300000e-01  -7.3600000e-01  -1.1400000e+00  -1.0430000e+00  -1.2460000e+00  -1.1020000e+00  -1.0950000e+00  -1.2490000e+00
   1.9710000e+03  -1.2240000e+00  -1.5210000e+00  -1.8110000e+00  -1.8970000e+00  -1.4610000e+00  -1.5000000e+00  -1.2250000e+00  -1.2340000e+00  -1.4630000e+00  -1.4210000e+00  -1.3060000e+00  -1.0060000e+00
   1.9720000e+03  -5.9200000e-01  -4.1000000e-01  -2.5300000e-01  -2.0600000e-01   4.8700000e-01   1.1930000e+00   1.8860000e+00   1.8230000e+00   1.5060000e+00   1.6230000e+00   1.7240000e+00   1.7480000e+00
   1.9730000e+03   1.7070000e+00   1.4810000e+00   8.4100000e-01   4.8200000e-01  -1.2400000e-01  -8.1900000e-01  -1.0680000e+00  -1.3680000e+00  -1.7470000e+00  -1.6940000e+00  -1.5240000e+00  -1.8730000e+00
   1.9740000e+03  -1.9420000e+00  -1.7920000e+00  -1.7650000e+00  -1.6840000e+00  -1.0810000e+00  -6.4700000e-01  -7.2700000e-01  -6.3300000e-01  -6.1300000e-01  -1.0490000e+00  -1.2550000e+00  -9.3000000e-01
   1.9750000e+03  -5.6400000e-01  -6.0600000e-01  -8.8200000e-01  -9.6700000e-01  -8.5300000e-01  -1.1490000e+00  -1.4780000e+00  -1.7340000e+00  -1.8740000e+00  -1.9990000e+00  -1.7940000e+00  -1.7580000e+00
   1.9760000e+03  -1.6240000e+00  -1.3980000e+00  -1.2550000e+00  -1.1910000e+00  -4.8100000e-01   3.4200000e-01   6.1300000e-01   6.6000000e-01   1.0270000e+00   9.5200000e-01   4.8200000e-01   5.5500000e-01
   1.9770000e+03   5.1700000e-01   2.5400000e-01   9.1000000e-02   5.3100000e-01   3.4200000e-01   5.0300000e-01   8.6800000e-01   7.0300000e-01   8.1600000e-01   1.0070000e+00   9.7300000e-01   8.7700000e-01
   1.9780000e+03   7.7900000e-01   8.9700000e-01   9.5500000e-01   1.8000000e-01  -3.9600000e-01  -5.6300000e-01  -4.1200000e-01  -1.8600000e-01  -3.8600000e-01  -1.9000000e-02   1.9800000e-01   3.9800000e-01
   1.9790000e+03   5.9500000e-01   3.6000000e-01  -1.1000000e-02   2.9000000e-01   3.9700000e-01   3.8700000e-01   3.5800000e-01   6.4200000e-01   7.6800000e-01   6.3700000e-01   7.3300000e-01   1.0140000e+00
   1.9800000e+03   6.9500000e-01   5.9700000e-01   6.6900000e-01   8.7200000e-01   9.1800000e-01   8.5100000e-01   7.8700000e-01   3.4000000e-01   2.7900000e-01   2.0600000e-01   2.3600000e-01   1.1800000e-01
   1.9810000e+03  -2.4500000e-01  -1.6200000e-01   4.4300000e-01   6.3700000e-01   1.2000000e-01  -1.8000000e-02  -3.4000000e-02  -7.3000000e-02   1.8400000e-01   8.9000000e-02  -5.4000000e-02  -1.5300000e-01
   1.9820000e+03  -2.8200000e-01  -1.4600000e-01   8.6000000e-02  -4.1000000e-02   4.0700000e-01   9.5100000e-01   1.6200000e+00   1.8250000e+00   1.7940000e+00   2.0240000e+00   2.4540000e+00   2.4130000e+00
   1.9830000e+03   2.6880000e+00   2.9040000e+00   3.0390000e+00   2.8760000e+00   2.5560000e+00   2.1740000e+00   1.7410000e+00   1.1300000e+00   4.2800000e-01   2.0000000e-03  -1.7600000e-01  -1.7600000e-01
   1.9840000e+03  -3.3900000e-01  -5.6500000e-01   1.3100000e-01   3.3100000e-01   1.2400000e-01  -1.2700000e-01  -1.3800000e-01  -1.7900000e-01  -8.2000000e-02   1.6000000e-02  -3.5100000e-01  -6.1100000e-01
   1.9850000e+03  -5.6100000e-01  -6.0200000e-01  -7.3700000e-01  -4.8400000e-01  -7.3000000e-01  -9.4000000e-02  -1.5600000e-01  -3.9200000e-01  -5.4100000e-01  -1.4000000e-01  -5.0000000e-02  -2.9300000e-01
   1.9860000e+03  -3.0700000e-01  -1.9100000e-01   3.3000000e-02  -1.6900000e-01   3.0500000e-01   3.1100000e-01   3.8400000e-01   8.0400000e-01   1.1660000e+00   9.9600000e-01   8.7200000e-01   1.1830000e+00
   1.9870000e+03   1.2370000e+00   1.1850000e+00   1.7240000e+00   1.8650000e+00   2.1220000e+00   1.9100000e+00   1.8470000e+00   1.9510000e+00   1.8350000e+00   1.6100000e+00   1.2530000e+00   1.2510000e+00
   1.9880000e+03   1.0920000e+00   6.6500000e-01   4.5600000e-01   3.0700000e-01   8.8000000e-02  -6.9700000e-01  -1.1740000e+00  -1.3740000e+00  -1.5860000e+00  -1.3500000e+00  -1.4680000e+00  -1.3430000e+00
   1.9890000e+03  -1.1660000e+00  -1.3120000e+00  -1.0560000e+00  -8.4200000e-01  -4.8700000e-01  -2.6600000e-01  -4.5400000e-01  -5.0100000e-01  -2.8000000e-01  -3.1800000e-01  -6.6000000e-02   1.4200000e-01
   1.9900000e+03   2.3400000e-01   5.3200000e-01   9.1600000e-01   3.9300000e-01   5.9500000e-01   4.0800000e-01   8.4000000e-02   1.2300000e-01   3.7600000e-01   2.4100000e-01   3.7200000e-01   3.3500000e-01
   1.9910000e+03   3.0900000e-01   3.1000000e-01   3.9300000e-01   4.4400000e-01   7.1900000e-01   1.1540000e+00   1.0110000e+00   1.0120000e+00   7.3700000e-01   1.0170000e+00   1.2020000e+00   1.3200000e+00
   1.9920000e+03   1.7500000e+00   1.8710000e+00   1.9920000e+00   2.2710000e+00   2.1300000e+00   1.7220000e+00   9.4600000e-01   5.3600000e-01   5.1200000e-01   6.6900000e-01   6.0200000e-01   6.4400000e-01
   1.9930000e+03   6.9900000e-01   9.9900000e-01   9.7900000e-01   1.3880000e+00   1.9870000e+00   1.4780000e+00   1.0900000e+00   1.0030000e+00   9.8200000e-01   1.0590000e+00   8.2200000e-01   5.6200000e-01
   1.9940000e+03   3.3800000e-01   1.9200000e-01   1.5900000e-01   4.2300000e-01   5.2200000e-01   7.4700000e-01   8.2300000e-01   7.4300000e-01   8.8000000e-01   1.4330000e+00   1.2780000e+00   1.1840000e+00
   1.9950000e+03   1.2000000e+00   9.6100000e-01   8.6200000e-01   4.1900000e-01   4.9500000e-01   4.6300000e-01   1.8200000e-01  -1.9700000e-01  -4.6800000e-01  -4.8700000e-01  -4.9500000e-01  -5.5900000e-01
   1.9960000e+03  -6.4400000e-01  -5.9500000e-01  -2.6400000e-01  -5.0500000e-01  -1.7400000e-01   1.1000000e-02  -2.0800000e-01  -3.9600000e-01  -4.9900000e-01  -3.8700000e-01  -1.6100000e-01  -3.3800000e-01
   1.9970000e+03  -4.8700000e-01  -6.0700000e-01  -2.5400000e-01   4.9300000e-01   1.1190000e+00   2.3070000e+00   2.7560000e+00   3.0010000e+00   3.0000000e+00   2.3580000e+00   2.5180000e+00   2.3200000e+00
   1.9980000e+03   2.4830000e+00   2.7770000e+00   2.7480000e+00   2.6730000e+00   2.1710000e+00   1.1510000e+00   2.8500000e-01  -4.1000000e-01  -6.6700000e-01  -8.4900000e-01  -1.1700000e+00  -1.0120000e+00
   1.9990000e+03  -1.1490000e+00  -1.2380000e+00  -1.0680000e+00  -1.0220000e+00  -6.7800000e-01  -4.1200000e-01  -4.6500000e-01  -7.8700000e-01  -1.0040000e+00  -1.0110000e+00  -1.0790000e+00  -1.2070000e+00
   2.0000000e+03  -1.1970000e+00  -1.2460000e+00  -1.1380000e+00  -5.2100000e-01   1.6100000e-01  -1.2900000e-01  -2.0100000e-01  -1.4000000e-01  -2.4700000e-01  -3.8100000e-01  -7.5500000e-01  -5.8100000e-01
   2.0010000e+03  -5.3900000e-01  -7.1700000e-01  -6.0700000e-01  -1.4600000e-01   1.8800000e-01  -5.6000000e-02   2.5300000e-01   3.6700000e-01  -1.2600000e-01  -2.7600000e-01  -1.8000000e-01   3.0000000e-03
   2.0020000e+03  -5.0000000e-02  -2.1000000e-01  -2.0100000e-01   3.3900000e-01   7.8000000e-01   8.6400000e-01   5.9600000e-01   9.2200000e-01   8.0800000e-01   9.5200000e-01   1.0590000e+00   1.1100000e+00
   2.0030000e+03   1.1840000e+00   9.2700000e-01   8.1900000e-01   3.0800000e-01   5.0000000e-02   3.3000000e-02   8.9000000e-02   2.4100000e-01   4.4100000e-01   5.0900000e-01   5.1900000e-01   3.1500000e-01
   2.0040000e+03   3.0800000e-01   3.3000000e-01  -1.2500000e-01   2.1600000e-01   4.7200000e-01   1.9000000e-01   4.7200000e-01   6.6900000e-01   5.2400000e-01   4.6700000e-01   7.8600000e-01   6.4300000e-01
   2.0050000e+03   3.0100000e-01   7.9900000e-01   1.0180000e+00   5.5900000e-01   7.5800000e-01   4.9900000e-01   4.9200000e-01   3.2100000e-01   2.5500000e-01  -1.6600000e-01  -4.0700000e-01  -5.8500000e-01
   2.0060000e+03  -4.7100000e-01  -4.5500000e-01  -5.9100000e-01  -6.8800000e-01  -3.4000000e-02   5.6400000e-01   6.2800000e-01   7.5900000e-01   7.9300000e-01   8.9200000e-01   1.2920000e+00   9.5100000e-01
   2.0070000e+03   9.7400000e-01   5.1000000e-01   7.4000000e-02  -4.9000000e-02   1.8700000e-01  -3.3100000e-01  -2.9000000e-01  -4.4000000e-01  -1.1620000e+00  -1.1420000e+00  -1.1770000e+00  -1.1680000e+00
   2.0080000e+03  -1.0110000e+00  -1.4020000e+00  -1.6350000e+00  -9.4200000e-01  -3.5300000e-01   1.3600000e-01   3.0000000e-03  -2.6600000e-01  -6.4300000e-01  -7.8000000e-01  -6.2100000e-01  -6.6600000e-01
   2.0090000e+03  -7.5200000e-01  -7.1900000e-01  -7.1900000e-01  -1.5900000e-01   3.7000000e-01   9.4300000e-01   9.3800000e-01   9.4400000e-01   7.6400000e-01   1.0200000e+00   1.0620000e+00   1.0080000e+00
   2.0100000e+03   1.1530000e+00   1.5200000e+00   1.3860000e+00   8.6300000e-01   5.7700000e-01  -4.3300000e-01  -1.1660000e+00  -1.8220000e+00  -2.0300000e+00  -1.9460000e+00  -1.6020000e+00  -1.5790000e+00
   2.0110000e+03  -1.6780000e+00  -1.5620000e+00  -1.5620000e+00  -1.4920000e+00  -3.2200000e-01  -1.6900000e-01  -8.7000000e-02  -4.7200000e-01  -7.6400000e-01  -9.6500000e-01  -9.7800000e-01  -9.7800000e-01
   2.0120000e+03  -1.0450000e+00  -7.0600000e-01  -4.1700000e-01   5.8000000e-02   7.0600000e-01   9.0300000e-01   1.1390000e+00   5.7900000e-01   2.7100000e-01   1.0300000e-01   1.6600000e-01   3.7000000e-02
   2.0130000e+03   4.2000000e-02  -1.6300000e-01  -1.7100000e-01   9.0000000e-03             NaN             NaN             NaN             NaN             NaN             NaN             NaN             NaN
