1948   0.25   0.42   0.71   0.21   0.24   0.40   0.08   0.24   0.45  -0.64  -0.20   0.58
1949   0.17   0.13  -0.54   0.15   0.42  -0.01  -0.07   0.07  -0.42  -0.59  -0.29  -0.91
1950  -0.75  -1.69  -1.41  -1.28  -1.24  -1.70  -1.71  -0.97  -0.95  -1.26  -1.11  -1.61
1951  -1.14  -0.68  -0.22   0.33   0.70   0.18   1.32   1.00   1.10   1.15   0.91   0.83
1952   0.63   0.56   0.07   0.70  -0.51  -0.75  -0.55  -0.13  -0.03  -0.07  -0.02   0.42
1953   0.17   0.50   0.50   0.80   1.77   0.61   0.35   0.89   1.19   0.16   0.37   0.42
1954  -0.00   0.40   0.17  -0.31  -0.35  -0.45  -0.83  -1.18  -0.68  -0.57  -0.66  -0.95
1955  -0.01  -1.13  -0.57  -0.39  -1.31  -1.51  -1.73  -1.28  -1.46  -1.64  -1.64  -1.15
1956  -1.11  -1.13  -0.96  -0.95  -1.05  -1.07  -1.15  -1.07  -0.55  -1.30  -0.56  -0.69
1957  -0.45   0.04   0.24   0.42   1.10   0.68   0.63   1.07   0.93   0.50   1.20   0.86
1958   1.67   1.23   0.85   0.35   1.15   0.46   0.10  -0.14   0.04   0.26   0.36   0.59
1959   0.67   1.06  -0.09   0.19   0.08   0.12   0.16   0.02  -0.26  -0.08  -0.50  -0.34
1960   0.06  -0.02  -0.21  -0.19   0.06   0.06  -0.26  -0.24  -0.18   0.06  -0.46  -0.23
1961   0.14  -0.27   0.95  -0.23   0.04   0.36  -0.17  -0.09  -0.29  -0.06  -0.41  -0.70
1962  -0.84   0.11  -0.12  -0.28  -0.76  -0.22  -0.07  -0.20  -0.53  -0.62  -0.32  -0.15
1963  -0.48  -0.29  -0.27  -0.14   0.08   0.63   0.81   0.87   0.83   1.19   0.86   1.21
1964   0.66   0.39  -0.35  -0.99  -0.46  -0.92  -0.65  -1.14  -1.15  -1.17  -0.52  -0.27
1965  -0.04  -0.21  -0.30   0.51   0.30   1.03   1.89   1.54   1.62   1.54   1.90   0.79
1966   1.21   0.77   1.31   0.88   0.43   0.17   0.43  -0.14   0.18   0.14  -0.06   0.21
1967  -0.91  -0.94  -0.54  -0.29   0.15  -0.24   0.01  -0.41  -0.50  -0.13   0.14   0.24
1968  -0.48  -0.82  -0.26  -0.17  -0.82  -0.16   0.07   0.34   0.30   0.37   0.65   0.39
1969   1.10   1.05   0.47   0.70   0.87   0.40   0.58   0.71   0.93   1.03   0.51   0.29
1970   0.86   0.83   0.19   0.45   0.14  -0.51  -0.38  -0.82  -0.98  -0.72  -1.31  -1.36
1971  -0.84  -1.49  -1.64  -1.67  -1.01  -0.68  -0.44  -1.12  -1.12  -1.27  -0.68  -0.46
1972  -0.41  -0.47  -0.19   0.44   1.55   1.23   1.68   1.46   1.59   1.58   1.18   1.85
1973   1.06   1.38   0.46   0.17  -0.46  -1.08  -1.06  -1.41  -1.46  -1.33  -2.45  -1.89
1974  -1.97  -1.65  -1.79  -1.21  -1.19  -0.59  -0.94  -0.49  -0.69  -0.77  -0.26  -0.43
1975   0.11  -0.42  -0.83  -0.94  -0.96  -1.59  -1.83  -1.77  -1.90  -1.65  -1.36  -1.74
1976  -1.43  -1.23  -0.96  -0.34  -0.58   0.13   0.85   0.88   1.08   0.45   0.12   0.60
1977   0.64  -0.01   0.78   0.33   0.72   1.19   1.21   0.84   0.86   1.19   1.33   1.18
1978   0.62   1.63   0.40   0.11  -1.01  -0.44  -0.46  -0.49  -0.34   0.16   0.07   0.19
1979   0.25  -0.25   0.32   0.47  -0.18  -0.08  -0.67   0.47   0.37   0.36   0.50   0.82
1980   0.20   0.21   0.52   0.85   0.43   0.64   0.24  -0.13   0.26   0.11   0.31   0.33
1981  -0.32  -0.03   0.82   0.18  -0.36  -0.48  -0.59  -0.30  -0.20   0.31  -0.15  -0.11
1982  -0.36  -0.06   0.00   0.46   1.05   1.74   1.56   1.89   2.03   2.22   2.68   2.38
1983   2.75   3.06   2.49   1.54   0.67   0.82   0.38   0.07  -0.67  -0.77  -0.53  -0.36
1984  -0.37  -0.54   0.04  -0.56  -0.40  -0.30  -0.21  -0.32  -0.21  -0.20  -0.66  -0.62
1985  -0.19  -0.94  -0.70  -1.06  -0.51  -0.12  -0.23  -0.65  -0.28  -0.01  -0.02  -0.21
1986  -0.73   0.26  -0.28  -0.29   0.05  -0.31   0.18   0.58   0.76   0.30   1.35   1.31
1987   0.99   1.41   1.69   1.83   1.96   2.08   2.10   1.86   1.67   1.14   0.74   0.90
1988   0.53   0.54   0.19  -0.30  -1.32  -1.13  -1.62  -1.66  -1.70  -1.86  -2.05  -1.46
1989  -1.56  -1.22  -1.11  -1.63  -1.27  -0.75  -0.65  -0.05  -0.40  -0.51   0.06   0.27
1990   0.14   1.12   0.61   0.31  -0.29   0.12   0.03   0.46   0.55   0.17   0.40   0.40
1991   0.11   0.22   0.64   0.85   1.36   0.93   0.70   0.82   1.02   1.28   0.99   1.82
1992   2.11   1.49   2.20   2.03   1.19   1.17   0.68  -0.09  -0.02   0.75   0.36   0.41
1993   0.58   0.74   0.81   1.70   1.20   1.39   0.93   0.92   0.64   0.96   0.24   0.11
1994   0.16  -0.07   0.53   1.10   0.89   0.82   1.10   1.32   1.17   1.28   1.02   1.32
1995   0.83   0.69   0.43   0.96   0.63   0.28  -0.01  -0.21  -0.41  -0.26  -0.38   0.01
1996  -0.66  -0.38  -0.50  -0.52  -0.49  -0.55  -0.27  -0.36  -0.44  -0.27  -0.03  -0.48
1997  -0.31  -0.75   0.43   0.96   2.11   2.12   1.87   2.47   2.26   2.15   1.91   1.74
1998   2.72   2.59   2.43   1.53   0.63  -0.97  -1.51  -1.45  -1.23  -1.27  -1.28  -1.51
1999  -1.71  -1.21  -1.02  -1.20  -0.66  -0.83  -0.80  -0.96  -0.54  -1.03  -1.30  -1.48
2000  -1.26  -1.74  -1.18  -0.99  -0.59  -0.28  -0.08  -0.45  -0.71  -0.90  -1.40  -0.78
2001  -0.88  -1.15  -0.46  -0.08   0.35   0.13   0.43   0.50  -0.09   0.14  -0.40   0.41
2002  -0.16  -0.33   0.45   0.39   1.05   0.99   1.10   1.44   1.20   1.15   1.20   1.48
2003   0.84   1.06   0.83   0.29   0.08   0.31   0.22   0.16   0.31   0.44   0.46  -0.28
2004   0.87  -0.48   0.01   0.64  -0.12   0.61   0.88   0.89   0.82   0.56   0.85   0.95
2005   0.20   2.22   0.34   0.71   1.08   0.39   0.34   0.39  -0.14  -0.47   0.04  -0.19
2006  -1.23  -0.30  -0.98  -0.38   0.62   0.48   0.63   1.01   0.86   1.26   0.57   0.90
2007   0.87   0.30   0.15   0.26   0.14  -0.08   0.05  -0.49  -0.63  -1.15  -1.23  -1.59
2008  -1.76  -2.51  -1.22  -0.92  -0.29  -0.47   0.01  -0.37  -0.80  -0.82  -0.89  -1.06
2009  -1.32  -1.94  -0.28  -0.53   0.67   0.64   0.63   1.01   0.35   1.83   1.51   1.73
2010   1.62   1.93   1.20  -0.14  -0.76  -0.70  -2.18  -2.34  -2.76  -2.35  -1.82  -2.98
2011  -2.44  -3.02  -2.29  -1.63  -0.49  -0.19  -0.78  -0.75  -1.16  -1.10  -1.37  -2.36