 1948 -99.99 -99.99 -99.99 -99.99 -99.99 -99.99 -99.99 -99.99 -99.99 -99.99 -99.99 -99.99
 1949 -99.99 -99.99 -99.99 -99.99 -99.99 -99.99 -99.99 -99.99 -99.99 -99.99 -99.99 -99.99
 1950  24.83  25.20  26.03  26.36  26.19  26.52  26.42  25.98  25.78  25.96  25.64  25.50
 1951  25.46  25.78  26.72  27.24  27.68  27.46  27.72  27.36  27.51  27.43  27.48  27.12
 1952  26.85  26.79  27.32  27.88  27.99  27.33  26.72  26.46  26.54  26.54  26.36  26.53
 1953  26.85  27.19  27.68  28.19  28.29  28.02  27.52  27.16  27.13  27.02  26.96  26.99
 1954  27.03  27.22  27.21  26.87  27.06  26.93  26.37  25.73  25.38  25.51  25.67  25.37
 1955  25.54  25.90  26.37  26.66  26.66  26.56  26.31  25.60  25.63  24.66  24.29  24.58
 1956  25.28  26.00  26.62  26.96  27.23  26.99  26.37  25.91  25.91  25.83  25.64  25.71
 1957  26.09  26.58  27.65  28.34  28.59  28.28  28.11  27.75  27.54  27.49  27.79  28.08
 1958  28.37  28.41  28.34  28.35  28.35  28.05  27.48  26.90  26.50  26.61  26.89  26.77
 1959  27.14  27.25  27.55  27.93  27.80  27.34  26.56  26.32  26.17  26.42  26.32  26.44
 1960  26.25  26.27  26.97  27.51  27.62  27.24  27.07  26.85  26.60  26.35  26.34  26.41
 1961  26.38  26.61  27.00  27.50  27.85  27.86  27.16  26.43  25.97  25.94  26.20  26.20
 1962  26.12  26.28  26.80  27.22  27.23  27.18  26.93  26.52  26.07  26.06  25.88  25.75
 1963  25.86  26.39  27.31  27.87  27.71  27.69  27.91  27.63  27.47  27.56  27.61  27.71
 1964  27.43  27.27  27.10  27.06  26.94  26.66  26.42  25.74  25.49  25.53  25.40  25.42
 1965  25.78  26.37  27.12  27.62  28.07  28.19  28.02  28.07  28.03  28.26  28.29  28.07
 1966  27.75  27.66  28.22  28.24  27.67  27.77  27.42  26.65  26.49  26.40  26.42  26.21
 1967  26.18  26.35  26.67  26.91  27.49  27.62  27.17  26.62  26.10  26.19  26.26  26.10
 1968  25.78  25.79  26.38  27.09  27.15  27.69  27.61  27.12  26.90  26.99  27.38  27.42
 1969  27.55  27.95  28.02  28.39  28.50  27.99  27.30  27.16  27.34  27.50  27.35  27.30
 1970  27.05  27.02  27.35  27.96  27.77  27.14  26.48  25.86  25.86  25.79  25.83  25.47
 1971  25.09  25.40  26.10  26.78  27.06  26.70  26.29  25.99  25.94  25.65  25.69  25.55
 1972  25.84  26.42  27.21  27.93  28.27  28.23  28.18  28.10  28.10  28.46  28.69  28.81
 1973  28.44  28.00  27.71  27.39  27.13  26.74  25.95  25.46  25.32  25.03  24.50  24.43
 1974  24.52  25.12  25.91  26.63  26.84  26.71  26.48  26.37  26.23  25.92  25.63  25.70
 1975  26.18  26.22  26.44  26.99  26.97  26.29  25.98  25.47  25.20  24.87  25.10  24.76
 1976  24.72  25.58  26.61  26.99  27.27  27.34  27.26  27.09  27.12  27.48  27.42  27.17
 1977  27.31  27.15  27.57  27.61  27.97  27.96  27.56  26.93  27.21  27.37  27.28  27.37
 1978  27.32  27.17  27.24  27.26  27.36  27.16  26.81  26.23  26.20  26.40  26.43  26.48
 1979  26.45  26.60  27.48  27.87  27.74  27.55  26.95  26.77  27.15  27.01  27.08  27.09
 1980  27.10  27.03  27.38  27.78  27.99  27.99  27.35  26.62  26.57  26.51  26.63  26.58
 1981  26.17  26.13  26.75  27.32  27.41  27.35  26.66  26.25  26.54  26.52  26.41  26.47
 1982  26.69  26.71  27.36  27.90  28.42  28.32  27.65  27.64  28.21  28.68  28.72  28.94
 1983  28.93  28.75  28.76  28.74  28.82  28.27  27.18  26.51  26.18  25.75  25.54  25.82
 1984  26.14  26.72  27.05  27.30  27.31  26.95  26.84  26.67  26.43  26.15  25.60  25.38
 1985  25.58  26.11  26.53  26.93  27.09  26.92  26.64  26.28  26.08  26.22  26.39  26.19
 1986  26.04  26.26  26.99  27.65  27.58  27.56  27.39  27.21  27.35  27.60  27.67  27.75
 1987  27.82  28.02  28.49  28.68  28.70  28.67  28.52  28.48  28.42  28.08  27.94  27.60
 1988  27.49  27.01  27.45  27.56  26.97  26.21  25.66  25.71  25.72  24.82  24.73  24.68
 1989  24.70  25.34  26.12  26.83  27.18  27.23  26.80  26.43  26.46  26.31  26.29  26.58
 1990  26.63  27.03  27.39  27.94  28.08  27.63  27.42  27.16  26.96  27.01  26.88  26.96
 1991  27.07  27.12  27.38  28.10  28.36  28.41  28.17  27.73  27.42  27.62  27.93  28.32
 1992  28.36  28.43  28.66  29.05  29.01  28.35  27.56  26.96  26.66  26.39  26.60  26.72
 1993  26.87  27.20  27.71  28.50  28.70  28.08  27.59  27.01  27.14  27.01  26.92  26.79
 1994  26.74  26.97  27.52  28.13  28.27  28.09  27.68  27.40  27.25  27.53  27.95  28.02
 1995  27.74  27.67  27.91  28.17  27.87  27.80  27.24  26.42  26.20  26.08  25.82  25.86
 1996  25.83  25.98  26.73  27.42  27.65  27.49  27.02  26.75  26.44  26.49  26.43  26.13
 1997  26.09  26.46  27.13  27.97  28.63  28.86  28.86  28.69  28.89  29.14  29.13  29.04
 1998  28.98  28.71  28.66  28.64  28.47  27.41  26.52  25.91  25.66  25.46  25.48  25.12
 1999  24.96  25.58  26.43  26.92  26.99  26.66  26.28  25.82  25.77  25.62  25.20  24.97
 2000  24.88  25.23  26.27  26.99  27.10  26.97  26.69  26.46  26.32  26.11  26.01  25.83
 2001  25.93  26.25  26.89  27.39  27.70  27.61  27.38  26.96  26.75  26.67  26.47  26.32
 2002  26.49  26.83  27.48  28.00  28.43  28.48  28.03  27.66  27.75  27.94  28.13  28.09
 2003  27.68  27.63  27.85  27.75  27.42  27.57  27.67  27.33  27.11  27.33  27.13  27.06
 2004  26.91  27.06  27.40  27.92  28.04  27.95  27.88  27.68  27.59  27.55  27.39  27.40
 2005  27.31  27.17  27.64  28.02  28.30  27.99  27.45  27.12  26.80  26.72  26.14  25.81
 2006  25.66  26.15  26.81  27.54  27.91  27.83  27.37  27.26  27.32  27.48  27.81  27.86
 2007  27.38  26.99  27.26  27.55  27.55  27.54  26.94  26.30  25.97  25.76  25.48  25.38
 2008  25.08  25.19  26.16  26.97  27.19  27.14  27.00  26.81  26.70  26.66  26.32  25.88
 2009  25.72  26.09  26.78  27.64  28.15  28.12  27.81  27.53  27.54  27.78  28.27  28.48
 2010  28.25  28.15  28.32  28.43  28.02  27.23  26.38  25.63  25.31  25.27  25.32  25.28
 2011  25.08  25.68  26.37  27.20  27.66  27.64  27.09  26.54  26.17  25.99  25.70  25.61
 2012  25.84  26.16  26.92  27.53  27.71  27.69  27.37  27.21  27.60  27.36  27.21  26.23
 2013  25.89  26.19  26.87  27.80  27.76 -99.99 -99.99 -99.99 -99.99 -99.99 -99.99 -99.99