 1948 -99.99 -99.99 -99.99 -99.99 -99.99 -99.99 -99.99 -99.99 -99.99 -99.99 -99.99 -99.99
 1949 -99.99 -99.99 -99.99 -99.99 -99.99 -99.99 -99.99 -99.99 -99.99 -99.99 -99.99 -99.99
 1950  23.11  24.20  25.37  23.86  23.03  21.57  20.63  20.15  19.67  20.03  20.02  21.80
 1951  24.19  25.28  25.60  25.37  24.79  24.69  23.86  22.32  21.44  21.77  22.33  22.89
 1952  24.52  26.21  26.37  24.73  23.71  22.34  20.89  20.02  19.63  20.40  20.77  22.39
 1953  24.15  26.34  27.36  27.03  25.47  23.49  22.20  21.45  21.25  20.95  21.60  22.44
 1954  23.02  25.00  25.33  22.97  21.73  20.77  19.52  19.33  18.95  19.11  20.27  21.30
 1955  23.75  24.82  25.14  24.22  22.16  21.20  20.46  19.63  19.24  19.16  19.84  21.19
 1956  23.24  24.71  25.90  24.66  23.14  22.04  21.47  20.55  19.89  19.69  20.57  21.58
 1957  23.13  26.30  27.63  27.15  26.72  25.04  23.83  22.34  21.80  21.80  22.39  23.69
 1958  24.89  26.55  27.09  26.37  24.71  23.23  22.31  20.72  20.62  21.05  21.52  22.50
 1959  23.97  25.90  26.94  25.84  24.23  22.57  21.50  20.15  20.23  20.86  21.88  22.55
 1960  24.40  25.59  26.01  24.66  23.53  21.83  20.73  20.10  20.56  20.27  20.93  22.74
 1961  24.58  26.66  25.95  25.17  23.60  22.36  20.52  19.97  19.70  20.07  21.09  22.11
 1962  24.02  25.35  24.47  23.43  23.03  21.81  20.60  20.17  20.02  20.14  20.99  21.82
 1963  23.81  25.36  26.02  24.67  23.97  22.41  21.80  21.31  21.00  21.13  21.64  22.55
 1964  24.15  25.08  25.30  24.61  21.93  21.44  20.25  19.48  19.67  19.79  20.88  21.83
 1965  24.22  26.17  26.71  27.01  26.09  24.60  23.26  22.54  21.26  21.57  22.29  23.35
 1966  25.15  25.88  25.35  24.26  22.92  21.80  20.85  20.17  20.04  20.51  21.03  22.25
 1967  23.66  25.54  25.55  24.98  23.77  22.04  21.10  19.84  19.08  19.47  20.20  21.28
 1968  23.19  24.88  25.11  23.97  22.44  21.70  21.25  20.97  21.23  21.12  21.68  23.20
 1969  24.67  25.56  27.09  26.66  26.07  24.39  22.47  21.06  20.88  21.74  22.47  23.60
 1970  25.02  25.76  25.53  24.76  22.94  21.27  19.69  19.27  19.50  20.16  20.61  21.77
 1971  23.33  24.58  25.24  24.95  23.29  21.60  21.01  19.97  19.74  19.88  20.94  21.99
 1972  24.51  26.66  27.09  26.25  25.47  25.01  24.11  23.42  22.12  22.58  23.32  24.89
 1973  26.03  26.48  26.27  24.87  23.44  21.76  20.84  19.47  19.49  19.80  20.71  21.74
 1974  23.29  24.87  25.69  25.28  24.35  22.48  21.58  20.73  20.15  19.88  20.68  21.41
 1975  23.55  24.95  26.06  25.53  23.71  21.84  21.05  19.97  19.14  19.17  19.44  21.05
 1976  23.51  25.36  25.88  25.72  25.11  24.46  23.30  21.91  21.56  21.69  22.14  23.29
 1977  24.93  25.79  26.13  25.29  23.88  22.70  21.63  20.25  19.82  20.61  21.29  22.47
 1978  24.32  25.77  25.39  24.73  23.15  21.89  21.01  19.66  19.98  20.22  21.62  22.94
 1979  24.71  25.60  25.93  25.58  24.52  23.28  21.79  21.05  21.15  21.43  21.95  22.97
 1980  24.35  25.73  26.46  25.71  24.46  22.88  21.26  20.57  20.45  20.43  21.23  22.34
 1981  22.98  24.90  25.94  24.89  23.90  22.57  21.10  20.03  20.09  20.58  21.26  22.60
 1982  24.36  25.42  25.40  24.96  24.21  23.35  22.50  21.89  22.04  22.88  24.57  25.89
 1983  27.25  28.23  28.85  28.82  28.37  27.43  25.73  23.88  22.26  22.22  22.21  23.19
 1984  24.32  25.12  25.75  25.40  23.58  22.30  21.53  20.64  20.73  20.62  21.70  22.47
 1985  23.84  24.83  25.60  24.28  22.67  21.84  20.75  19.90  19.86  20.26  20.97  22.49
 1986  24.31  25.90  25.78  24.86  23.35  22.03  21.64  21.07  21.13  21.46  22.17  23.53
 1987  25.60  27.02  27.89  26.95  25.96  24.04  23.00  21.92  22.00  22.54  22.84  23.51
 1988  24.76  25.74  25.71  24.68  23.18  21.66  20.59  19.63  19.44  19.83  20.96  22.25
 1989  24.36  26.02  26.21  25.54  23.36  22.14  21.27  20.86  20.17  20.52  21.44  22.61
 1990  24.22  26.17  26.15  25.15  24.14  22.76  21.36  20.70  20.28  20.40  21.19  22.29
 1991  23.99  25.59  26.31  25.15  24.44  23.28  22.39  21.39  21.22  21.73  22.40  23.75
 1992  25.02  26.62  27.72  27.58  26.44  23.86  21.84  20.87  20.85  21.15  21.84  22.79
 1993  24.68  26.46  27.07  26.84  25.60  24.11  22.61  21.65  21.11  21.71  22.07  22.86
 1994  24.56  25.89  25.75  24.49  23.52  22.31  21.17  20.22  20.65  22.04  22.27  23.75
 1995  25.48  26.25  26.09  24.32  23.37  22.43  21.42  20.46  20.50  20.62  21.49  22.03
 1996  23.81  25.52  26.28  24.00  23.11  21.66  20.72  20.23  20.43  20.52  20.77  21.68
 1997  23.70  26.08  27.17  26.74  26.77  26.15  25.59  24.95  24.69  24.64  25.85  27.08
 1998  28.12  28.82  29.24  28.45  27.36  25.19  23.61  22.27  21.31  21.37  21.60  22.81
 1999  24.23  25.73  26.47  24.53  23.64  22.09  21.36  20.67  20.08  20.46  20.62  22.42
 2000  24.01  25.38  25.67  25.53  24.27  22.93  21.47  20.07  20.64  20.90  20.67  22.07
 2001  24.25  26.11  26.90  25.99  23.97  22.71  21.48  20.23  19.73  20.14  20.68  21.72
 2002  24.09  26.22  27.38  26.44  25.28  23.27  21.62  21.30  21.41  21.84  22.84  24.05
 2003  24.99  26.26  26.91  25.41  23.24  22.14  21.50  21.25  20.75  21.70  22.33  23.61
 2004  25.08  26.48  26.13  25.29  23.47  22.55  21.26  20.80  20.85  21.58  22.89  23.39
 2005  24.62  25.09  25.23  25.19  24.31  22.59  21.57  20.46  19.98  19.87  20.59  22.20
 2006  24.74  26.49  26.20  24.26  23.82  22.80  22.18  21.87  21.92  22.44  22.62  24.26
 2007  25.92  26.92  26.37  24.78  23.03  21.62  20.99  19.57  19.77  19.27  19.82  21.14
 2008  24.25  26.39  26.91  25.68  24.41  23.18  23.03  22.14  21.60  21.39  21.65  22.65
 2009  24.28  25.46  25.61  25.96  24.97  24.07  23.16  21.96  21.46  21.47  22.12  23.22
 2010  24.70  26.19  26.58  26.00  24.67  23.10  21.01  19.29  19.37  19.78  20.44  22.13
 2011  24.18  25.95  25.66  25.28  24.35  23.12  22.07  20.85  20.09  20.04  21.07  22.23
 2012  24.33  26.44  26.77  26.42  25.57  24.44  22.17  21.09  20.94  20.67  21.21  22.22
 2013  24.16  25.59  25.83  24.27  23.25 -99.99 -99.99 -99.99 -99.99 -99.99 -99.99 -99.99
