 1948 -99.99 -99.99 -99.99 -99.99 -99.99 -99.99 -99.99 -99.99 -99.99 -99.99 -99.99 -99.99
 1949 -99.99 -99.99 -99.99 -99.99 -99.99 -99.99 -99.99 -99.99 -99.99 -99.99 -99.99 -99.99
 1950  23.74  24.92  26.33  26.46  25.72  25.55  24.97  24.61  24.22  24.39  24.00  24.30
 1951  25.00  25.80  26.91  27.31  27.08  26.57  26.54  25.67  25.56  25.85  26.18  25.98
 1952  25.85  26.46  27.18  27.41  26.92  25.84  24.92  24.50  24.43  24.52  24.36  24.88
 1953  25.77  26.74  27.57  27.91  27.39  26.77  25.81  25.20  25.17  25.07  25.25  25.55
 1954  25.73  26.43  26.85  25.85  25.67  25.20  24.47  23.83  23.51  23.63  23.86  23.79
 1955  24.79  25.76  26.35  26.32  25.52  25.08  24.55  23.69  23.36  22.71  22.66  23.08
 1956  24.47  25.80  26.84  27.12  26.63  25.87  24.82  24.16  23.97  24.01  23.91  24.06
 1957  25.05  26.23  27.55  27.94  27.81  27.30  26.95  26.14  25.71  25.68  26.23  26.64
 1958  27.04  27.57  27.85  27.86  27.39  26.70  25.73  24.97  24.45  24.65  25.06  25.02
 1959  25.75  26.50  27.17  27.56  26.94  26.07  24.94  24.40  24.37  24.67  24.74  24.94
 1960  25.34  25.87  26.75  27.03  26.66  25.95  25.38  24.95  24.70  24.24  24.31  24.73
 1961  25.19  26.25  26.83  27.40  27.08  26.37  24.95  24.20  23.65  23.89  24.38  24.75
 1962  25.23  26.07  26.49  26.59  26.28  25.83  25.21  24.72  24.20  24.23  24.10  24.12
 1963  24.96  25.91  27.06  27.66  27.10  26.74  26.36  25.80  25.41  25.58  25.83  26.08
 1964  26.07  26.41  26.76  26.34  25.56  25.10  24.82  23.73  23.89  23.95  24.04  23.86
 1965  24.84  25.96  27.07  27.66  27.68  27.24  26.64  26.25  26.07  26.15  26.50  26.59
 1966  26.70  26.86  27.26  27.40  26.28  26.08  25.42  24.51  24.17  24.42  24.26  24.30
 1967  25.09  26.09  26.46  26.46  26.69  26.40  25.32  24.30  23.69  23.80  24.01  24.14
 1968  24.40  25.00  25.86  26.57  26.19  26.22  26.00  25.28  24.96  25.17  25.35  25.79
 1969  26.27  26.92  27.63  27.94  27.92  27.05  25.84  25.41  25.46  25.69  25.75  26.16
 1970  26.38  26.52  26.97  27.20  26.44  25.30  24.18  23.69  23.89  23.80  23.78  24.01
 1971  24.19  24.91  26.01  26.61  26.26  25.44  24.78  23.90  23.92  23.73  23.93  23.92
 1972  25.02  26.04  27.12  27.78  27.62  27.37  27.14  26.86  26.48  26.83  27.17  27.60
 1973  27.52  27.24  27.37  26.87  26.06  25.34  24.31  23.69  23.56  23.49  23.35  23.40
 1974  23.93  25.11  26.28  26.84  26.56  25.91  25.30  24.82  24.38  24.14  24.07  24.31
 1975  25.34  25.74  26.49  27.08  26.27  25.29  24.72  24.15  23.67  23.40  23.73  23.39
 1976  23.91  25.31  26.46  26.94  26.98  26.95  26.29  25.87  25.76  25.97  25.93  25.91
 1977  26.57  27.03  27.51  27.02  27.04  26.56  25.70  24.81  24.97  25.34  25.41  25.54
 1978  25.92  26.46  26.83  26.66  26.13  25.68  25.08  24.35  24.33  24.72  24.94  25.34
 1979  25.43  26.19  27.25  27.66  27.26  26.54  25.56  25.29  25.58  25.54  25.58  25.68
 1980  26.12  26.52  27.05  27.33  27.15  26.76  25.65  24.87  24.86  24.62  25.07  25.28
 1981  25.05  25.63  26.74  27.10  26.74  26.26  25.26  24.43  24.74  24.92  24.83  25.23
 1982  25.96  26.55  27.06  27.52  27.66  27.31  26.33  26.21  26.82  27.31  27.68  28.23
 1983  28.60  28.63  28.91  29.06  28.98  28.19  26.66  25.78  25.02  24.48  24.19  24.58
 1984  25.30  26.43  27.14  27.24  26.38  25.50  25.04  24.81  24.63  24.34  24.23  24.10
 1985  24.68  25.65  26.45  26.63  26.26  25.66  24.72  24.12  24.05  24.23  24.40  24.56
 1986  24.99  26.04  26.92  27.30  26.78  26.27  25.82  25.38  25.38  25.65  25.94  26.26
 1987  26.74  27.60  28.38  28.63  28.30  27.51  26.94  26.59  26.62  26.19  26.21  26.33
 1988  26.47  26.43  27.10  27.01  25.88  24.61  23.79  23.71  23.88  23.41  23.45  23.50
 1989  24.27  25.49  26.23  26.85  26.58  26.42  25.32  24.73  24.67  24.61  24.56  24.92
 1990  25.45  26.54  27.01  27.56  27.42  26.55  25.82  25.32  25.15  24.96  25.00  25.23
 1991  25.84  26.50  27.12  27.65  27.64  27.43  26.75  25.71  25.32  25.63  26.10  26.42
 1992  27.03  27.61  28.22  28.79  28.49  27.28  25.84  25.11  24.90  24.65  24.77  24.97
 1993  25.79  26.94  27.64  28.43  28.33  27.03  26.19  25.52  25.25  25.28  25.20  25.30
 1994  25.84  26.40  26.88  27.15  27.17  26.63  25.61  24.93  24.97  25.65  26.17  26.23
 1995  26.51  26.90  27.26  27.20  26.55  26.30  25.65  24.36  24.05  24.16  24.22  24.45
 1996  25.06  25.84  26.75  26.83  26.63  26.10  25.29  24.78  24.53  24.52  24.56  24.31
 1997  24.80  25.78  26.97  27.50  28.03  28.23  27.99  27.75  27.82  28.09  28.40  28.53
 1998  28.71  28.86  29.10  29.16  28.53  27.04  25.60  24.78  24.19  24.08  24.40  24.25
 1999  24.41  25.56  26.81  26.90  26.55  25.89  25.03  24.36  23.91  23.77  23.72  23.76
 2000  24.12  25.35  26.78  27.46  26.84  26.01  25.24  24.74  24.73  24.60  24.43  24.74
 2001  25.37  26.39  27.31  27.52  27.21  26.45  25.64  25.04  24.49  24.59  24.53  24.79
 2002  25.24  26.22  27.51  27.70  27.67  27.29  26.31  25.61  25.68  25.93  26.42  26.62
 2003  26.67  27.01  27.48  27.23  26.45  26.21  26.17  25.66  25.21  25.59  25.85  26.08
 2004  26.24  26.83  27.49  27.63  26.98  26.57  25.97  25.49  25.43  25.66  25.87  25.96
 2005  26.10  26.38  27.12  27.61  27.54  26.84  26.06  25.44  24.88  24.83  23.92  24.01
 2006  24.64  26.00  26.82  27.18  27.29  26.73  25.92  25.67  25.76  25.99  26.39  26.65
 2007  26.71  26.59  26.75  26.90  26.40  26.11  25.11  24.06  23.88  23.86  23.75  23.89
 2008  24.43  25.34  26.54  27.36  27.15  26.49  26.01  25.56  25.36  25.47  24.98  24.80
 2009  25.29  26.18  26.73  27.44  27.59  27.18  26.42  25.95  25.74  25.84  26.21  26.64
 2010  26.83  27.35  27.88  28.00  27.27  26.19  24.96  24.15  23.78  23.67  23.64  24.04
 2011  24.36  25.57  26.40  27.25  27.06  26.79  25.72  24.76  24.33  24.08  24.15  24.25
 2012  25.14  26.20  27.31  27.74  27.48  26.98  26.27  25.54  25.48  25.19  25.03  24.51
 2013  24.81  25.81  26.97  27.39  26.68 -99.99 -99.99 -99.99 -99.99 -99.99 -99.99 -99.99