 1950  -1.42  -1.31  -1.04  -1.12  -1.38  -0.78  -0.50  -0.50  -0.52  -0.27  -0.59  -0.78
 1951  -0.79  -0.73  -0.34  -0.24   0.11   0.15   0.81   0.86   1.19   1.20   1.27   0.85
 1952   0.59   0.27   0.24   0.38   0.39   0.01  -0.19  -0.02   0.24   0.31   0.14   0.25
 1953   0.59   0.66   0.59   0.68   0.70   0.71   0.60   0.66   0.82   0.80   0.75   0.72
 1954   0.77   0.69   0.12  -0.64  -0.53  -0.39  -0.55  -0.75  -0.93  -0.72  -0.55  -0.91
 1955  -0.71  -0.62  -0.70  -0.84  -0.92  -0.76  -0.61  -0.88  -0.69  -1.56  -1.93  -1.69
 1956  -1.11  -0.62  -0.51  -0.59  -0.38  -0.39  -0.61  -0.62  -0.43  -0.43  -0.61  -0.58
 1957  -0.30  -0.05   0.49   0.77   0.96   0.89   1.13   1.22   1.20   1.22   1.54   1.78
 1958   1.96   1.77   1.18   0.78   0.72   0.67   0.49   0.37   0.16   0.35   0.64   0.48
 1959   0.73   0.61   0.40   0.36   0.19  -0.04  -0.42  -0.20  -0.16   0.16   0.07   0.14
 1960  -0.15  -0.36  -0.18  -0.06  -0.00  -0.14   0.08   0.32   0.26   0.08   0.08   0.11
 1961   0.01   0.01  -0.10   0.01   0.30   0.54   0.21  -0.09  -0.38  -0.34  -0.04  -0.07
 1962  -0.24  -0.31  -0.29  -0.27  -0.32  -0.12   0.00   0.01  -0.27  -0.22  -0.36  -0.52
 1963  -0.50  -0.21   0.21   0.37   0.16   0.38   0.97   1.13   1.11   1.28   1.36   1.43
 1964   1.05   0.67   0.01  -0.44  -0.61  -0.64  -0.51  -0.76  -0.86  -0.74  -0.84  -0.86
 1965  -0.58  -0.23   0.03   0.12   0.52   0.89   1.09   1.57   1.68   1.97   2.04   1.79
 1966   1.29   0.99   1.07   0.74   0.06   0.35   0.37   0.03  -0.04  -0.09  -0.08  -0.25
 1967  -0.29  -0.31  -0.47  -0.58  -0.11   0.20   0.12  -0.02  -0.43  -0.31  -0.24  -0.36
 1968  -0.68  -0.87  -0.76  -0.41  -0.45   0.27   0.56   0.49   0.37   0.49   0.88   0.97
 1969   1.09   1.29   0.88   0.89   0.89   0.58   0.26   0.54   0.82   1.01   0.86   0.86
 1970   0.61   0.38   0.23   0.45   0.16  -0.29  -0.57  -0.76  -0.66  -0.71  -0.67  -0.98
 1971  -1.42  -1.31  -1.07  -0.76  -0.59  -0.77  -0.77  -0.69  -0.63  -0.92  -0.87  -0.97
 1972  -0.67  -0.28   0.04   0.39   0.62   0.77   1.13   1.44   1.54   1.89   2.13   2.27
 1973   1.91   1.28   0.54  -0.16  -0.53  -0.73  -1.11  -1.20  -1.24  -1.52  -2.05  -2.08
 1974  -1.99  -1.57  -1.24  -0.90  -0.80  -0.75  -0.57  -0.30  -0.34  -0.65  -0.92  -0.82
 1975  -0.33  -0.48  -0.72  -0.54  -0.68  -1.17  -1.07  -1.19  -1.36  -1.69  -1.45  -1.76
 1976  -1.78  -1.10  -0.55  -0.53  -0.33  -0.10   0.20   0.39   0.49   0.88   0.85   0.63
 1977   0.81   0.47   0.43   0.08   0.34   0.50   0.49   0.22   0.57   0.76   0.70   0.83
 1978   0.81   0.48   0.09  -0.28  -0.26  -0.29  -0.26  -0.47  -0.43  -0.19  -0.14  -0.04
 1979  -0.05  -0.07   0.33   0.33   0.13   0.10  -0.10   0.07   0.52   0.41   0.51   0.56
 1980   0.59   0.34   0.23   0.25   0.37   0.54   0.29  -0.08  -0.06  -0.09   0.06   0.06
 1981  -0.50  -0.69  -0.52  -0.36  -0.35  -0.21  -0.46  -0.49  -0.16  -0.12  -0.22  -0.14
 1982   0.02  -0.11   0.08   0.22   0.65   0.76   0.52   0.90   1.51   2.03   2.07   2.31
 1983   2.25   1.90   1.47   1.05   1.06   0.72   0.07  -0.21  -0.50  -0.89  -1.09  -0.80
 1984  -0.54  -0.12  -0.23  -0.39  -0.46  -0.61  -0.29  -0.08  -0.26  -0.50  -1.02  -1.23
 1985  -1.09  -0.72  -0.75  -0.76  -0.68  -0.64  -0.49  -0.47  -0.61  -0.43  -0.26  -0.43
 1986  -0.52  -0.47  -0.23  -0.02  -0.20   0.03   0.28   0.46   0.65   0.95   1.07   1.17
 1987   1.25   1.28   1.26   1.02   0.93   1.13   1.41   1.72   1.71   1.43   1.33   1.03
 1988   0.94   0.28   0.22  -0.10  -0.81  -1.33  -1.45  -1.04  -0.98  -1.81  -1.87  -1.89
 1989  -1.85  -1.39  -1.11  -0.83  -0.59  -0.29  -0.31  -0.33  -0.24  -0.33  -0.32   0.01
 1990   0.07   0.30   0.16   0.28   0.30   0.10   0.32   0.41   0.26   0.37   0.28   0.40
 1991   0.37   0.26   0.02   0.32   0.47   0.71   0.88   0.79   0.53   0.76   1.13   1.55
 1992   1.65   1.55   1.28   1.27   1.12   0.66   0.27   0.04  -0.21  -0.45  -0.20  -0.04
 1993   0.17   0.33   0.35   0.72   0.81   0.38   0.31   0.09   0.27   0.16   0.13   0.04
 1994   0.05   0.10   0.15   0.33   0.37   0.40   0.38   0.46   0.37   0.69   1.16   1.26
 1995   1.04   0.81   0.55   0.38  -0.02   0.11  -0.04  -0.51  -0.68  -0.77  -0.96  -0.88
 1996  -0.83  -0.85  -0.59  -0.38  -0.26  -0.20  -0.26  -0.18  -0.39  -0.30  -0.30  -0.57
 1997  -0.58  -0.38  -0.19   0.18   0.71   1.17   1.58   1.76   2.06   2.34   2.38   2.35
 1998   2.30   1.88   1.33   0.85   0.57  -0.27  -0.75  -1.00  -1.17  -1.33  -1.25  -1.57
 1999  -1.70  -1.25  -0.89  -0.87  -0.91  -1.02  -0.99  -1.11  -1.07  -1.18  -1.53  -1.72
 2000  -1.78  -1.59  -1.05  -0.80  -0.81  -0.72  -0.58  -0.46  -0.51  -0.67  -0.73  -0.85
 2001  -0.74  -0.58  -0.43  -0.40  -0.21  -0.08   0.10   0.04  -0.08  -0.12  -0.26  -0.36
 2002  -0.18  -0.00   0.16   0.20   0.52   0.79   0.75   0.73   0.90   1.14   1.39   1.39
 2003   1.01   0.80   0.51  -0.05  -0.49  -0.12   0.39   0.41   0.28   0.54   0.40   0.38
 2004   0.25   0.23   0.08   0.12   0.12   0.25   0.59   0.74   0.76   0.76   0.65   0.71
 2005   0.64   0.34   0.31   0.23   0.39   0.30   0.18   0.19  -0.03  -0.07  -0.61  -0.88
 2006  -1.01  -0.68  -0.52  -0.26   0.01   0.14   0.10   0.34   0.50   0.69   1.09   1.18
 2007   0.72   0.16  -0.07  -0.25  -0.36  -0.15  -0.34  -0.64  -0.86  -1.04  -1.25  -1.30
 2008  -1.58  -1.64  -1.16  -0.82  -0.71  -0.54  -0.27  -0.11  -0.13  -0.12  -0.41  -0.81
 2009  -0.94  -0.74  -0.54  -0.16   0.24   0.43   0.53   0.61   0.70   0.99   1.53   1.78
 2010   1.57   1.31   0.99   0.63   0.10  -0.46  -0.89  -1.29  -1.52  -1.53  -1.42  -1.40
 2011  -1.59  -1.15  -0.95  -0.59  -0.25  -0.05  -0.19  -0.39  -0.66  -0.81  -1.04  -1.09
 2012  -0.84  -0.66  -0.41  -0.27  -0.20   0.00   0.10   0.28   0.75   0.56   0.46  -0.46
 2013  -0.78  -0.64  -0.62 -99.90 -99.90 -99.90 -99.90 -99.90 -99.90 -99.90 -99.90 -99.90
