1950	1	-3.650
1950	2	-1.690
1950	3	-0.060
1950	4	-0.230
1950	5	-0.400
1950	6	-1.990
1950	7	-0.820
1950	8	0.790
1950	9	-1.000
1950	10	0.700
1950	11	-1.740
1950	12	-0.280
1951	1	-1.180
1951	2	-2.110
1951	3	-1.090
1951	4	0.470
1951	5	1.190
1951	6	-0.540
1951	7	-0.440
1951	8	0.020
1951	9	-0.080
1951	10	0.430
1951	11	0.210
1951	12	-1.590
1952	1	-3.190
1952	2	0.080
1952	3	-0.690
1952	4	0.890
1952	5	-0.790
1952	6	0.530
1952	7	-1.570
1952	8	0.770
1952	9	0.400
1952	10	1.050
1952	11	0.770
1952	12	0.630
1953	1	0.180
1953	2	1.040
1953	3	-0.440
1953	4	0.780
1953	5	1.140
1953	6	-1.600
1953	7	0.270
1953	8	-1.150
1953	9	-0.140
1953	10	2.270
1953	11	1.570
1953	12	0.960
1954	1	-2.110
1954	2	-0.480
1954	3	-1.440
1954	4	-2.860
1954	5	0.650
1954	6	0.090
1954	7	-0.140
1954	8	-0.110
1954	9	-0.040
1954	10	0.990
1954	11	1.380
1954	12	-0.820
1955	1	-0.140
1955	2	-2.620
1955	3	-2.470
1955	4	-0.240
1955	5	-0.420
1955	6	0.110
1955	7	-1.320
1955	8	-0.550
1955	9	-0.220
1955	10	0.510
1955	11	-0.930
1955	12	-2.370
1956	1	-2.340
1956	2	-1.690
1956	3	-0.970
1956	4	-0.170
1956	5	-0.170
1956	6	-0.080
1956	7	-1.280
1956	8	-0.230
1956	9	0.420
1956	10	-2.160
1956	11	1.000
1956	12	-0.610
1957	1	-2.180
1957	2	-1.890
1957	3	0.780
1957	4	-0.410
1957	5	1.240
1957	6	0.240
1957	7	-0.110
1957	8	-0.990
1957	9	-0.220
1957	10	0.460
1957	11	0.490
1957	12	-0.730
1958	1	0.620
1958	2	0.360
1958	3	0.180
1958	4	0.310
1958	5	0.660
1958	6	1.480
1958	7	0.740
1958	8	2.130
1958	9	-0.050
1958	10	0.340
1958	11	0.080
1958	12	0.350
1959	1	-1.540
1959	2	-1.230
1959	3	0.210
1959	4	-0.900
1959	5	-0.300
1959	6	1.080
1959	7	-0.450
1959	8	1.030
1959	9	1.190
1959	10	0.230
1959	11	0.260
1959	12	0.360
1960	1	-0.160
1960	2	-0.220
1960	3	-0.690
1960	4	-0.070
1960	5	0.990
1960	6	1.200
1960	7	1.110
1960	8	1.850
1960	9	-0.010
1960	10	0.480
1960	11	-0.520
1960	12	1.150
1961	1	1.160
1961	2	0.170
1961	3	0.280
1961	4	-1.140
1961	5	-0.250
1961	6	1.840
1961	7	-0.520
1961	8	0.470
1961	9	1.100
1961	10	-1.940
1961	11	-0.400
1961	12	-1.540
1962	1	-0.740
1962	2	-0.540
1962	3	-0.710
1962	4	-1.500
1962	5	-1.110
1962	6	-0.970
1962	7	-0.360
1962	8	0.570
1962	9	-0.830
1962	10	1.330
1962	11	0.530
1962	12	-0.380
1963	1	0.090
1963	2	0.790
1963	3	-2.040
1963	4	-0.790
1963	5	-0.950
1963	6	0.500
1963	7	-1.100
1963	8	-1.010
1963	9	0.870
1963	10	0.930
1963	11	-0.310
1963	12	1.460
1964	1	-0.440
1964	2	1.360
1964	3	-1.310
1964	4	-1.300
1964	5	-2.270
1964	6	0.270
1964	7	0.200
1964	8	0.830
1964	9	0.920
1964	10	0.800
1964	11	-0.780
1964	12	-2.030
1965	1	-0.920
1965	2	-1.030
1965	3	-0.800
1965	4	-1.070
1965	5	-0.420
1965	6	1.890
1965	7	-1.260
1965	8	0.320
1965	9	0.360
1965	10	1.420
1965	11	-0.810
1965	12	-1.560
1966	1	-0.150
1966	2	-2.050
1966	3	0.430
1966	4	-0.540
1966	5	-0.150
1966	6	0.100
1966	7	-1.180
1966	8	1.260
1966	9	0.630
1966	10	-0.610
1966	11	-1.960
1966	12	-0.210
1967	1	-1.160
1967	2	-0.200
1967	3	-2.250
1967	4	-1.910
1967	5	-0.800
1967	6	-0.330
1967	7	-1.240
1967	8	-0.350
1967	9	0.110
1967	10	1.100
1967	11	-0.350
1967	12	-1.120
1968	1	-1.780
1968	2	1.110
1968	3	0.130
1968	4	-1.110
1968	5	0.230
1968	6	-0.080
1968	7	-0.040
1968	8	1.300
1968	9	-0.870
1968	10	0.450
1968	11	0.830
1968	12	-1.740
1969	1	-2.960
1969	2	-1.970
1969	3	0.470
1969	4	0.480
1969	5	1.020
1969	6	2.110
1969	7	0.510
1969	8	-0.690
1969	9	1.310
1969	10	0.550
1969	11	0.130
1969	12	1.530
1970	1	0.120
1970	2	1.010
1970	3	0.490
1970	4	-0.660
1970	5	-0.500
1970	6	0.230
1970	7	0.740
1970	8	-0.600
1970	9	-0.390
1970	10	-0.950
1970	11	-1.150
1970	12	-1.090
1971	1	-2.430
1971	2	-0.160
1971	3	-0.280
1971	4	0.230
1971	5	1.090
1971	6	0.510
1971	7	-1.740
1971	8	-0.810
1971	9	0.150
1971	10	-1.350
1971	11	-0.260
1971	12	-1.760
1972	1	-2.460
1972	2	-2.270
1972	3	-0.100
1972	4	-1.950
1972	5	0.210
1972	6	-0.150
1972	7	-1.130
1972	8	-0.040
1972	9	0.130
1972	10	-1.490
1972	11	0.530
1972	12	-0.860
1973	1	-0.880
1973	2	-0.140
1973	3	0.530
1973	4	0.110
1973	5	0.670
1973	6	1.010
1973	7	-0.260
1973	8	-0.950
1973	9	-0.270
1973	10	-0.740
1973	11	-1.660
1973	12	0.230
1974	1	-1.540
1974	2	-1.500
1974	3	-1.100
1974	4	-0.730
1974	5	-0.400
1974	6	-1.360
1974	7	-0.090
1974	8	0.900
1974	9	0.350
1974	10	0.930
1974	11	0.530
1974	12	0.380
1975	1	-1.200
1975	2	-0.510
1975	3	-0.810
1975	4	-0.670
1975	5	0.600
1975	6	-0.310
1975	7	-1.530
1975	8	-1.100
1975	9	-0.230
1975	10	-0.650
1975	11	-0.630
1975	12	-0.160
1976	1	-0.250
1976	2	-2.380
1976	3	-1.780
1976	4	0.920
1976	5	0.580
1976	6	-1.320
1976	7	-0.120
1976	8	-0.620
1976	9	-0.040
1976	10	0.910
1976	11	1.720
1976	12	0.210
1977	1	1.600
1977	2	2.430
1977	3	-0.690
1977	4	-0.320
1977	5	-0.560
1977	6	0.570
1977	7	-1.040
1977	8	2.200
1977	9	-0.720
1977	10	1.250
1977	11	-0.220
1977	12	-0.800
1978	1	0.130
1978	2	1.400
1978	3	-0.180
1978	4	-0.190
1978	5	-0.730
1978	6	-0.920
1978	7	-2.430
1978	8	0.020
1978	9	1.380
1978	10	0.690
1978	11	-0.480
1978	12	-1.020
1979	1	-1.540
1979	2	-2.730
1979	3	0.080
1979	4	-0.150
1979	5	1.270
1979	6	-1.640
1979	7	0.510
1979	8	0.670
1979	9	1.020
1979	10	1.850
1979	11	0.510
1979	12	-0.680
1980	1	-1.010
1980	2	2.030
1980	3	-0.640
1980	4	1.660
1980	5	-0.160
1980	6	-0.810
1980	7	-0.810
1980	8	-2.030
1980	9	-0.080
1980	10	2.870
1980	11	1.280
1980	12	-0.570
1981	1	2.460
1981	2	0.210
1981	3	1.270
1981	4	-1.230
1981	5	1.830
1981	6	-0.100
1981	7	-1.020
1981	8	-1.540
1981	9	0.080
1981	10	-1.430
1981	11	1.190
1981	12	-0.420
1982	1	-1.750
1982	2	-1.200
1982	3	-1.660
1982	4	-2.080
1982	5	-0.530
1982	6	2.170
1982	7	0.490
1982	8	0.310
1982	9	0.830
1982	10	-0.860
1982	11	-0.470
1982	12	0.450
1983	1	0.870
1983	2	1.440
1983	3	2.030
1983	4	0.980
1983	5	-0.080
1983	6	2.100
1983	7	0.820
1983	8	0.500
1983	9	-1.370
1983	10	0.260
1983	11	1.750
1983	12	-0.610
1984	1	0.600
1984	2	0.730
1984	3	1.080
1984	4	1.410
1984	5	0.370
1984	6	-0.360
1984	7	-2.610
1984	8	-1.140
1984	9	-0.020
1984	10	-0.530
1984	11	0.390
1984	12	-1.900
1985	1	1.440
1985	2	-0.990
1985	3	-1.190
1985	4	-1.270
1985	5	-0.820
1985	6	1.280
1985	7	-0.190
1985	8	-0.530
1985	9	-0.630
1985	10	-1.500
1985	11	-1.830
1985	12	1.080
1986	1	0.600
1986	2	0.410
1986	3	0.510
1986	4	-0.150
1986	5	-0.030
1986	6	0.390
1986	7	-0.350
1986	8	-1.490
1986	9	-0.280
1986	10	1.180
1986	11	-0.710
1986	12	1.060
1987	1	0.630
1987	2	0.570
1987	3	0.850
1987	4	1.540
1987	5	-1.020
1987	6	0.560
1987	7	-0.430
1987	8	0.740
1987	9	-2.600
1987	10	0.750
1987	11	1.190
1987	12	0.500
1988	1	0.030
1988	2	1.370
1988	3	0.380
1988	4	1.120
1988	5	0.610
1988	6	1.310
1988	7	1.600
1988	8	-0.620
1988	9	-0.970
1988	10	0.890
1988	11	0.110
1988	12	0.330
1989	1	-1.570
1989	2	-1.710
1989	3	-1.560
1989	4	-0.770
1989	5	-0.040
1989	6	-0.560
1989	7	-0.590
1989	8	-0.270
1989	9	0.410
1989	10	-1.080
1989	11	-0.700
1989	12	0.570
1990	1	-1.090
1990	2	-2.780
1990	3	0.040
1990	4	-0.620
1990	5	0.270
1990	6	-1.390
1990	7	-0.260
1990	8	1.760
1990	9	-0.460
1990	10	-0.910
1990	11	-1.660
1990	12	-1.620
1991	1	0.200
1991	2	1.130
1991	3	-1.210
1991	4	0.380
1991	5	-0.630
1991	6	-0.920
1991	7	0.280
1991	8	-0.280
1991	9	1.150
1991	10	-2.350
1991	11	0.220
1991	12	0.170
1992	1	0.990
1992	2	0.090
1992	3	0.460
1992	4	-0.290
1992	5	1.200
1992	6	1.360
1992	7	0.380
1992	8	-0.370
1992	9	-1.130
1992	10	0.400
1992	11	0.800
1992	12	-1.530
1993	1	-1.480
1993	2	0.440
1993	3	0.940
1993	4	1.260
1993	5	2.430
1993	6	0.660
1993	7	-0.280
1993	8	-0.170
1993	9	-0.970
1993	10	-0.170
1993	11	-0.350
1993	12	0.420
1994	1	-0.800
1994	2	-1.270
1994	3	0.230
1994	4	-0.700
1994	5	0.480
1994	6	-1.360
1994	7	-0.060
1994	8	-1.380
1994	9	-2.020
1994	10	-0.090
1994	11	-1.610
1994	12	0.390
1995	1	0.200
1995	2	0.680
1995	3	0.030
1995	4	0.040
1995	5	0.090
1995	6	0.900
1995	7	-0.740
1995	8	-0.330
1995	9	1.220
1995	10	0.110
1995	11	-0.730
1995	12	0.620
1996	1	-0.680
1996	2	-0.700
1996	3	-0.750
1996	4	0.510
1996	5	0.370
1996	6	-1.180
1996	7	0.180
1996	8	-0.930
1996	9	-0.270
1996	10	-0.670
1996	11	-0.440
1996	12	-1.530
1997	1	0.160
1997	2	0.450
1997	3	-1.560
1997	4	0.290
1997	5	0.770
1997	6	-0.250
1997	7	0.100
1997	8	-0.550
1997	9	0.220
1997	10	-0.120
1997	11	0.860
1997	12	0.850
1998	1	0.300
1998	2	0.890
1998	3	0.690
1998	4	0.850
1998	5	-1.870
1998	6	0.090
1998	7	1.670
1998	8	-0.600
1998	9	0.420
1998	10	0.770
1998	11	0.700
1998	12	-0.390
1999	1	-0.440
1999	2	-0.460
1999	3	0.380
1999	4	0.050
1999	5	-0.050
1999	6	0.430
1999	7	-0.920
1999	8	1.950
1999	9	0.330
1999	10	0.620
1999	11	0.450
1999	12	-0.090
2000	1	-1.700
2000	2	1.200
2000	3	0.950
2000	4	-0.580
2000	5	-0.160
2000	6	-1.190
2000	7	-2.550
2000	8	-0.510
2000	9	-1.210
2000	10	0.440
2000	11	0.700
2000	12	0.920
2001	1	1.290
2001	2	-0.510
2001	3	0.390
2001	4	-0.700
2001	5	-0.010
2001	6	-0.890
2001	7	-0.360
2001	8	-0.140
2001	9	0.040
2001	10	-0.080
2001	11	1.030
2001	12	0.260
2002	1	-0.700
2002	2	-0.110
2002	3	-1.560
2002	4	-2.400
2002	5	-0.560
2002	6	0.060
2002	7	0.400
2002	8	0.610
2002	9	0.600
2002	10	-0.550
2002	11	1.460
2002	12	1.280
2003	1	1.010
2003	2	0.680
2003	3	-0.360
2003	4	-0.100
2003	5	-1.850
2003	6	-0.530
2003	7	0.730
2003	8	-0.310
2003	9	0.590
2003	10	1.230
2003	11	-1.650
2003	12	0.560
2004	1	-0.120
2004	2	1.120
2004	3	0.000
2004	4	0.250
2004	5	-1.460
2004	6	-0.280
2004	7	-0.330
2004	8	1.520
2004	9	-0.110
2004	10	-1.370
2004	11	0.290
2004	12	-0.040
2005	1	-0.620
2005	2	-0.110
2005	3	0.560
2005	4	1.000
2005	5	1.620
2005	6	0.420
2005	7	-0.020
2005	8	0.690
2005	9	1.320
2005	10	1.160
2005	11	-0.740
2005	12	1.070
2006	1	-0.100
2006	2	-0.440
2006	3	-0.560
2006	4	0.200
2006	5	-1.030
2006	6	-1.020
2006	7	1.290
2006	8	-1.450
2006	9	0.310
2006	10	-0.760
2006	11	-1.340
2006	12	1.550
2007	1	0.270
2007	2	-0.420
2007	3	-0.120
2007	4	0.970
2007	5	0.030
2007	6	-0.300
2007	7	1.650
2007	8	1.960
2007	9	1.520
2007	10	0.770
2007	11	0.650
2007	12	-0.160
2008	1	-1.060
2008	2	0.370
2008	3	-0.610
2008	4	-1.180
2008	5	1.250
2008	6	-1.760
2008	7	-0.510
2008	8	0.890
2008	9	0.890
2008	10	1.110
2008	11	1.050
2008	12	-1.710
2009	1	0.130
2009	2	-1.570
2009	3	-1.290
2009	4	-0.040
2009	5	-0.430
2009	6	0.480
2009	7	0.720
2009	8	0.620
2009	9	1.030
2009	10	0.640
2009	11	0.190
2009	12	0.040
2010	1	0.960
2010	2	0.480
2010	3	1.680
2010	4	1.260
2010	5	-0.730
2010	6	-0.100
2010	7	0.890
2010	8	1.070
2010	9	1.070
2010	10	2.150
2010	11	-0.810
2010	12	-2.080
2011	1	1.000
2011	2	-2.410
2011	3	0.380
2011	4	-1.780
2011	5	0.250
2011	6	0.350
2011	7	-0.750
2011	8	1.400
2011	9	-0.390
2011	10	0.860
2011	11	-0.760
2011	12	0.060
2012	1	0.130
2012	2	0.700
2012	3	-0.190
2012	4	-0.090
2012	5	-0.290
2012	6	-0.420
2012	7	-0.570
2012	8	-0.200
2012	9	-0.390
2012	10	-1.130
2012	11	-1.060
2012	12	-1.310
2013	1	0.050
2013	2	0.300
2013	3	-0.260
2013	4	-1.760
2013	5	-0.240
2013	6	NaN
2013	7	NaN
2013	8	NaN
2013	9	NaN
2013	10	NaN
2013	11	NaN
2013	12	NaN
